date,annualChangeInCashSupplementalAsReported,annualBeginningCashPosition,annualCurrentAssets,annualGrossPPE,annualNetIncomeCommonStockholders,annualOtherNonCurrentLiabilities,annualInterestExpense,annualRepaymentOfDebt,annualOtherIncomeExpense,annualSellingGeneralAndAdministration,annualCapitalExpenditure,annualBasicEPS,annualTotalNonCurrentAssets,annualOtherCurrentLiabilities,annualCashFlowFromContinuingFinancingActivities,annualCurrentDebt,annualInventory,annualOtherCurrentAssets,annualCostOfRevenue,annualTotalRevenue,annualCapitalStock,annualPurchaseOfBusiness,annualNetOtherFinancingCharges,annualFreeCashFlow,annualTotalLiabilitiesNetMinorityInterest,annualAccumulatedDepreciation,annualBasicAverageShares,annualGrossProfit,annualNetIncomeContinuousOperations,annualChangeInWorkingCapital,annualOperatingExpense,annualChangeInInventory,annualNonCurrentDeferredTaxesLiabilities,annualNonCurrentDeferredRevenue,annualNetIncome,annualRetainedEarnings,annualAccountsReceivable,annualPurchaseOfInvestment,annualCashDividendsPaid,annualGoodwill,annualSaleOfInvestment,annualPretaxIncome,annualOtherNonCashItems,annualDepreciationAndAmortization,annualInvestingCashFlow,annualOperatingIncome,annualLongTermDebt,annualStockholdersEquity,annualEndCashPosition,annualTotalAssets,annualTaxProvision,annualCurrentLiabilities,annualDilutedEPS,annualOperatingCashFlow,annualTotalNonCurrentLiabilitiesNetMinorityInterest,annualAccountsPayable,annualOtherIntangibleAssets,annualOtherShortTermInvestments,annualCommonStockIssuance,annualDilutedAverageShares,annualInvestmentsAndAdvances,annualRepurchaseOfCapitalStock,annualOtherNonCurrentAssets,annualGainsLossesNotAffectingRetainedEarnings,annualEbitda,annualNetPPE,annualCashAndCashEquivalents,annualNetOtherInvestingChanges,annualCashCashEquivalentsAndMarketableSecurities,annualCurrentDeferredRevenue,annualChangeInAccountPayable,annualResearchAndDevelopment,annualStockBasedCompensation,annualDeferredIncomeTax,annualIncomeTaxPayable,annualChangesInAccountReceivables,annualCurrentAccruedExpenses
1996-12-31,3404000000,2379000000,30947000000,5779000000,10595000000,14000000,,-295000000.0,,,-371000000.0,6.02,64867000000,2412000000.0,,4639000000,2956000000.0,0.0,,13202000000,1149000000,-202000000.0,4169000000,2921000000,22411000000,-922000000.0,2284987934,,14134000000,-2015000000,,-443000000.0,,,13765000000,57250000000.0,,-7805000000,,,416000000.0,15734000000,-2387000000,216000000,-12180000000,13202000000,12016000000,68563000000,5783000000,95814000000,1600000000,10381000000,6.02,3292000000,12030000000,,,21152000000.0,5154000000.0,2284987934,,,47955000000.0,,13418000000,4857000000,5783000000,145000000.0,26935000000,,,,,,,,
1997-12-31,2174000000,5783000000,28753000000,3456000000,13880000000,17000000,,-1964000000.0,,,-149000000.0,7.66,78633000000,2826000000.0,,4400000000,3526000000.0,0.0,,7857000000,1149000000,,-74000000,4240000000,22475000000,-162000000.0,2297556240,,17711000000,1569000000,,-4076000000.0,,,17602000000,71130000000.0,,-3275000000,,,4477000000.0,19031000000,-6439000000,74000000,-5662000000,7857000000,13642000000,82776000000,7957000000,107386000000,1320000000,8816000000,7.66,4389000000,13659000000,,,15675000000.0,0.0,2297556240,,,67521000000.0,,7931000000,3294000000,8957000000,82000000.0,24632000000,,,,,,,,
1998-12-31,-4644000000,7957000000,19514000000,14090000000,3447000000,12000000,,-3618000000.0,,,-8938000000.0,2.66,93544000000,2022000000.0,,4814000000,,0.0,,11865000000,1149000000,-2443000000.0,2089000000,1886000000,22447000000,-154000000.0,2297556240,,6153000000,8043000000,,8903000000.0,,,6112000000,74577000000.0,,-181000000,,,1106000000.0,7322000000,2855000000,52000000,-14574000000,11865000000,10245000000,85448000000,3313000000,113058000000,1169000000,12190000000,2.66,10824000000,10257000000,,,13020000000.0,,2297556240,,,0.0,,11917000000,13936000000,4313000000,-3997000000.0,17333000000,,,,,,,,
1999-12-31,24000000,3313000000,21844000000,22371000000,59373000000,33000000,667000000.0,,,,-3638000000.0,25.84,151786000000,4628000000.0,,7428000000,13961000000.0,0.0,2144000000.0,5135000000,1149000000,-2678000000.0,2498000000,-5315000000,25151000000,-1081000000.0,2297556240,2991000000.0,58491000000,-2819000000,870000000.0,-3062000000.0,,,59373000000,130780000000.0,,-382000000,,,2154000000.0,59265000000,-387000000,46000000,-3404000000,2121000000,10238000000,141743000000,3337000000,173630000000,774000000,14880000000,25.84,-1677000000,10271000000,4628000000.0,,2773000000.0,,2297556240,,,519000000.0,,60071000000,21290000000,3337000000,1000000000.0,6110000000,,,,,,,,
2000-12-31,-908000000,3337000000,24049000000,16329000000,15730000000,12000000,725000000.0,,,,,8.42,164706000000,1565000000.0,,7250000000,18039000000.0,0.0,2738000000.0,5715000000,1158000000,-80000000.0,1168000000,200000000,26139000000,-1084000000.0,2307521232,2977000000.0,19308000000,-2217000000,7000000.0,,,,19436000000,146510000000.0,,-561000000,,,300000000.0,20526000000,51000000,57000000,-3503000000,2970000000,13806000000,159318000000,2429000000,188755000000,1218000000,12321000000,8.42,200000000,13818000000,,,2695000000.0,,2307521232,,,0.0,,21381000000,15245000000,2429000000,-3423000000.0,5124000000,,,,,,,,
2001-12-31,-854000000,2429000000,25697000000,15969000000,7291000000,4686000000,776000000.0,,,,-293000000.0,3.15,170911000000,1523000000.0,,5653000000,21889000000.0,0.0,2927000000.0,5660000000,1158000000,-3587000000.0,1416000000,-1401000000,26449000000,-1128000000.0,2316164338,2733000000.0,7269000000,-3920000000,1025000000.0,,3000000.0,,7291000000,150095000000.0,,-3187000000,,,2538000000.0,8478000000,-56000000,60000000,-4487000000,1708000000,18728000000,165473000000,1575000000,196608000000,1209000000,7718000000,3.15,-1108000000,18731000000,,,790000000.0,,2316164338,,,465000000.0,,9314000000,14841000000,1575000000,39000000.0,2365000000,,,,,,,,
2002-12-31,581000000,1575000000,24661000000,20244000000,8876000000,4495000000,650000000.0,-8089000000.0,,,-654000000.0,3.83,176406000000,3159000000.0,,2618000000,20177000000.0,0.0,993000000.0,2445000000,1158000000,-610000000.0,407000000,4381000000,25560000000,-1228000000.0,2316164338,1452000000.0,8824000000,871000000,-245000000.0,,3000000.0,,8876000000,155167000000.0,,-625000000,,,242000000.0,10162000000,246000000,104000000,-1433000000,1697000000,19255000000,171012000000,2156000000,201067000000,1338000000,6302000000,3.83,5035000000,19258000000,,,900000000.0,,2316164338,,,542000000.0,,10916000000,19016000000,2156000000,210000000.0,3056000000,,,,,,,,
2003-12-31,3026000000,2156000000,24792000000,18541000000,9815000000,4110000000,517000000.0,-6812000000.0,,,-630000000.0,4.24,175194000000,2210000000.0,,1585000000,13891000000.0,0.0,6382000000.0,8467000000,1158000000,-57000000.0,-218000000,7840000000,21033000000,-1324000000.0,2316164338,2085000000.0,9817000000,3071000000,904000000.0,,319000000.0,,9815000000,159052000000.0,,-3110000000,,,1563000000.0,8980000000,186000000,116000000,-587000000,1181000000,16357000000,174843000000,5182000000,199986000000,-837000000,4357000000,4.237609,8470000000,16676000000,,,3659000000.0,,2316164338,,,929000000.0,,9613000000,17217000000,5182000000,133000000.0,8841000000,,,,,,,,
2004-12-31,-1149000000,5182000000,33139000000,19803000000,12380000000,5232000000,350000000.0,-4536000000.0,,,-656000000.0,5.35,176981000000,2663000000.0,,3139000000,25812000000.0,0.0,10176000000.0,12149000000,1158000000,-744000000.0,1025000000,-4929000000,24723000000,-1418000000.0,2316164338,1973000000.0,12472000000,-9505000000,-1354000000.0,,461000000.0,,12380000000,165746000000.0,,-1700000000,,,2472000000.0,12365000000,77000000,101000000,-600000000,3327000000,17907000000,180165000000,4033000000,210120000000,-107000000,6355000000,5.35,-4273000000,18368000000,,,1040000000.0,,2316164338,,,1245000000.0,,12816000000,18385000000,4033000000,4000000.0,5073000000,,,,,,,,
2005-12-31,4277000000,4033000000,38203000000,11645000000,13995000000,4761000000,347000000.0,-5299000000.0,,,-2065000000.0,6.04,178024000000,2416000000.0,,3904000000,27106000000.0,0.0,3640000000.0,6171000000,1158000000,-2368000000.0,-466000000,630000000,26304000000,-2033000000.0,2316164338,2531000000.0,14205000000,-342000000,974000000.0,-3204000000.0,544000000.0,,13995000000,173851000000.0,,-940000000,,,2223000000.0,14464000000,-82000000,166000000,1123000000,1557000000,18683000000,185162000000,8310000000,216227000000,259000000,7077000000,6.04,2695000000,19227000000,,,1014000000.0,,2316164338,,,403000000.0,,14977000000,9612000000,8310000000,1999000000.0,9324000000,,,,,,,,
2006-12-31,-4528000000,8310000000,57658000000,12418000000,18075000000,5259000000,589000000.0,-4843000000.0,,,,7.8,192143000000,2998000000.0,,6872000000,45857000000.0,0.0,4908000000.0,10951000000,1158000000,-1552000000.0,2986000000,-15748000000,44120000000,-2196000000.0,2316164338,6043000000.0,18279000000,-22436000000,-218000000.0,,920000000.0,,18075000000,187202000000.0,,-2630000000,,,,19492000000,1552000000,172000000,-3612000000,6261000000,27609000000,200422000000,3782000000,249801000000,1213000000,11591000000,7.8,-15748000000,32529000000,,,1223000000.0,,2316164338,,,251000000.0,,20253000000,10222000000,3782000000,1401000000.0,5005000000,,,,,,,,
2007-12-31,1827000000,3782000000,69826000000,13015000000,27678000000,3406000000,984000000.0,-10030000000.0,,,-505000000.0,11.95,206796000000,6889000000.0,,8872000000,58418000000.0,0.0,6521000000.0,13277000000,1158000000,-1734000000.0,-622000000,218000000,46013000000,-2455000000.0,2316164338,6756000000.0,27972000000,-5290000000,1282000000.0,-10676000000.0,1300000000.0,,27678000000,209691000000.0,,-1133000000,,,4448000000.0,29169000000,550000000,257000000,6174000000,5474000000,23655000000,227203000000,5609000000,276622000000,1197000000,17058000000,11.95,723000000,28955000000,,,1439000000.0,,2316164338,,,956000000.0,,30410000000,10560000000,5609000000,2020000000.0,7048000000,,,,,,,,
2008-12-31,1564000000,5609000000,73168000000,14376000000,15518000000,4342000000,504000000.0,-8204000000.0,11187000000.0,944000000.0,-898000000.0,6.7,213464000000,872000000.0,7572000000.0,10991000000,61211000000.0,61211000000.0,6035000000.0,12856000000,0,-640000000.0,907000000,-4489000000,51126000000,-2752000000.0,2316164338,6821000000.0,15719000000,-4352000000,1442000000.0,-3601000000.0,1359000000.0,,15518000000,219534000000.0,3904000000.0,-4373000000,,,3379000000.0,16578000000,54000000,284000000,-2417000000,5379000000,33258000000,231164000000,7173000000,286632000000,859000000,16509000000,6.7,-3591000000,34617000000,388000000.0,,858000000.0,,2316164338,185077000000.0,,0.0,1141000000.0,17366000000,11624000000,7173000000,140000000.0,8031000000,,,,,,,,
2009-12-31,4250000000,7173000000,157260000000,205383000000,19886000000,4520000000,367000000.0,-16337000000.0,16501000000.0,1032000000.0,-711000000.0,8.59,534137000000,460000000.0,-11184000000.0,17589000000,16593000000.0,0.0,10314000000.0,17702000000,0,-547000000.0,-711000000,13048000000,370453000000,,2316164338,7388000000.0,20308000000,4653000000,1704000000.0,1541000000.0,13355000000.0,,19886000000,,48146000000.0,-595000000,,28858000000.0,1545000000.0,21952000000,17000000,349000000,1675000000,5684000000,256275000000,283531000000,11423000000,691397000000,1644000000,93867000000,8.59,13759000000,276586000000,73029000000.0,78101000000.0,1927000000.0,,2316164338,187666000000.0,,5286000000.0,233110000000.0,22668000000,205383000000,92521000000,14000000.0,92521000000,,,,,,,,
2010-12-31,13724000000,11423000000,166614000000,195412000000,26478000000,3945000000,398000000.0,-7025000000.0,,,-144000000.0,11.43,554563000000,18298000000.0,,23122000000,17733000000.0,0.0,15113000000.0,23983000000,0,-474000000.0,-170000000,8524000000,368475000000,-3488000000.0,2316164338,8870000000.0,26801000000,5828000000,1988000000.0,-2299000000.0,14290000000.0,,26478000000,247431000000.0,57229000000.0,-1314000000,,27332000000.0,601000000.0,28125000000,49000000,398000000,3078000000,6882000000,241627000000,309497000000,25147000000,721177000000,1324000000,106911000000,11.43,8668000000,261564000000,80889000000.0,81198000000.0,592000000.0,,2316164338,,,9131000000.0,,28921000000,195412000000,91652000000,14000000.0,91652000000,,,,,,,,
2011-12-31,-5253000000,25147000000,92006000000,15144000000,46055000000,0,372000000.0,-16249000000.0,,,-1259000000.0,19.88,281180000000,9701000000.0,,22897000000,68932000000.0,0.0,21160000000.0,32971000000,1158000000,,4051000000,-7235000000,58901000000,-3911000000.0,2316164338,11811000000.0,46259000000,-10730000000,2373000000.0,-2976000000.0,850000000.0,,46055000000,290340000000.0,,-3339000000,,,2048000000.0,48092000000,-26000000,400000000,-12010000000,9438000000,23020000000,311073000000,19894000000,373186000000,1833000000,35031000000,19.88,-5976000000,23870000000,9701000000.0,,220000000.0,,2316164338,,,180000000.0,,48864000000,11233000000,19894000000,14000000.0,20114000000,,,,,,,,
2012-12-31,1273000000,19894000000,104345000000,14069000000,32152000000,0,617000000.0,-24274000000.0,,,-105000000.0,13.88,303221000000,13290000000.0,,5098000000,80088000000.0,78641000000.0,9810000000.0,19199000000,0,-2849000000.0,-141000000,-3324000000,64073000000,-3924000000.0,2316164338,9389000000.0,32524000000,-6175000000,2443000000.0,-10702000000.0,820000000.0,,32152000000,315162000000.0,1308000000.0,-104000000,,,922000000.0,33758000000,-313000000,340000000,2838000000,6946000000,43001000000,340336000000,21167000000,407566000000,1234000000,20189000000,13.88,-3219000000,43884000000,2677000000.0,,236000000.0,,2316164338,,,286000000.0,,34715000000,10145000000,21167000000,845000000.0,21403000000,,,,,,,,
2013-12-31,10110000000,21167000000,117205000000,14216000000,35260000000,0,454000000.0,-10716000000.0,,,-162000000.0,15.22,311632000000,3260000000.0,,2438000000,79784000000.0,78027000000.0,7983000000.0,17013000000,0,-2892000000.0,-246000000,6934000000,56016000000,-4239000000.0,2316164338,9030000000.0,35972000000,-3657000000,2407000000.0,788000000.0,986000000.0,,35260000000,342716000000.0,1600000000.0,-180000000,,,2946000000.0,37494000000,-502000000,325000000,6892000000,6623000000,39452000000,369729000000,31277000000,428837000000,1522000000,15466000000,15.22,7096000000,40550000000,1232000000.0,,1360000000.0,,2316164338,,,0.0,,38273000000,9977000000,33197000000,0.0,34557000000,,,,,,,,
2014-12-31,-1840000000,31277000000,110125000000,21998000000,53869000000,0,414000000.0,-3370000000.0,,,-7849000000.0,23.26,347816000000,11451000000.0,,18352000000,73199000000.0,69135000000.0,12980000000.0,24259000000,0,-5278000000.0,-207000000,2315000000,51894000000,-4544000000.0,2316164338,11279000000.0,54608000000,8744000000,2376000000.0,6944000000.0,1022000000.0,,53869000000,371865000000.0,1781000000.0,-182000000,,,595000000.0,55927000000,-884000000,393000000,-7723000000,8903000000,19522000000,403190000000,29437000000,457941000000,1319000000,31350000000,23.26,10164000000,20544000000,1663000000.0,,918000000.0,,2316164338,,,0.0,,56734000000,17454000000,33179000000,0.0,34097000000,,,,,,,,
2015-12-31,91734000000,29437000000,192974000000,195077000000,118570000000,11205000000,4470000000.0,-66028000000.0,,12364000000.0,-25482000000.0,36.91,839970000000,0.0,,33967000000,19761000000.0,0.0,68243000000.0,166760000000,0,-21865000000.0,25264000000,19067000000,483833000000,-8007000000.0,3212671194,98517000000.0,44366000000,2832000000,73835000000.0,2158000000.0,26062000000.0,433000000.0,118570000000,500909000000.0,15398000000.0,-200000000,-9687000000.0,261449000000.0,3121000000.0,47261000000,3549000000,9740000000,72568000000,24682000000,275363000000,428588000000,121171000000,1032944000000,2895000000,130303000000,36.91,44549000000,353530000000,20393000000.0,114841000000.0,972000000.0,,3212671194,,-1034000000.0,4238000000.0,,61471000000,187070000000,121171000000,-132000000.0,121171000000,,,,,,,,
2016-12-31,35099000000,121171000000,223494000000,171490000000,33008000000,11494000000,7118000000.0,-45365000000.0,,19170000000.0,-24546000000.0,8.55,789971000000,0.0,,72807000000,18852000000.0,0.0,101943000000.0,259842000000,0,-2399000000.0,-3085000000,15792000000,469275000000,-17737000000.0,3859441388,157899000000.0,41912000000,-8850000000,120587000000.0,-581000000.0,23692000000.0,402000000.0,33008000000,520616000000.0,10587000000.0,-899000000,-9977000000.0,254748000000.0,4553000000.0,46463000000,7356000000,16014000000,-18027000000,37312000000,235543000000,424679000000,156270000000,1013465000000,4551000000,157312000000,8.55,40338000000,311963000000,17380000000.0,97561000000.0,3315000000.0,,3859441388,,-189000000.0,5096000000.0,,69595000000,153753000000,156270000000,0.0,156270000000,,,,,,,,
2017-12-31,4200000000,156270000000,233546000000,196657000000,35100000000,15250000000,8274000000.0,-87674000000.0,,16545000000.0,-23915000000.0,9.1,866709000000,,,22101000000,21708000000.0,,101328000000.0,248515000000,0,-41522000000.0,1898000000,29681000000,508708000000,-29563000000.0,3857678500,147187000000.0,43602000000,-296000000,111792000000.0,-1825000000.0,25583000000.0,374000000.0,35100000000,,11546000000.0,-2127000000,-10512000000.0,255334000000.0,297000000.0,46418000000,279000000,17105000000,-48683000000,35395000000,313419000000,459537000000,160470000000,1100255000000,2816000000,114888000000,9.1,53596000000,393820000000,19252000000.0,103256000000.0,,,3857678500,,0.0,5180000000.0,,71797000000,167094000000,160470000000,,160470000000,,,,,,,,
2018-12-31,-21474000000,160470000000,343186000000,148926000000,39000000000,39531000000,9797000000.0,-54961000000.0,,25654000000.0,-37546000000.0,10.11,889058000000,5880000000.0,,26371000000,23410000000.0,4217000000.0,129811000000.0,277129000000,0,-16769000000.0,-1907000000,18188000000,641421000000,-30619000000.0,3857216697,147318000000.0,46580000000,-1611000000,107319000000.0,-2433000000.0,19261000000.0,3000000.0,39000000000,,19255000000.0,-8743000000,-11341000000.0,323160000000.0,395000000.0,49198000000,4861000000,19739000000,-59079000000,39999000000,326322000000,458477000000,138996000000,1232244000000,2618000000,221929000000,10.11,55734000000,419492000000,29233000000.0,152982000000.0,,,3857216697,,-131000000.0,,,78734000000,118307000000,135411000000,,135411000000,,,,,,,,
