date,annualOperatingCashFlow,annualCapitalStock,annualOtherIntangibleAssets,annualNetPPE,annualOtherNonCashItems,annualGrossPPE,annualBeginningCashPosition,annualPurchaseOfBusiness,annualOperatingExpense,annualPurchaseOfInvestment,annualInvestingCashFlow,annualCapitalExpenditure,annualBasicAverageShares,annualRepaymentOfDebt,annualChangeInCashSupplementalAsReported,annualChangeInWorkingCapital,annualNetOtherFinancingCharges,annualInterestExpense,annualAccountsPayable,annualOperatingIncome,annualTotalRevenue,annualDilutedAverageShares,annualTaxProvision,annualTotalLiabilitiesNetMinorityInterest,annualEndCashPosition,annualNetOtherInvestingChanges,annualDilutedEPS,annualNetIncomeContinuousOperations,annualCashAndCashEquivalents,annualInvestmentsAndAdvances,annualNetIncome,annualPretaxIncome,annualFreeCashFlow,annualCashDividendsPaid,annualBasicEPS,annualSellingGeneralAndAdministration,annualTotalAssets,annualStockholdersEquity,annualNetIncomeCommonStockholders,annualDepreciationAndAmortization,annualRetainedEarnings,annualSaleOfInvestment,annualCommonStockIssuance,annualCurrentDeferredRevenue,annualCurrentAssets,annualChangeInAccountPayable,annualGoodwill,annualCostOfRevenue,annualResearchAndDevelopment,annualGrossProfit,annualStockBasedCompensation,annualDeferredIncomeTax,annualInventory,annualTotalNonCurrentAssets,annualCurrentLiabilities,annualNonCurrentDeferredTaxesLiabilities,annualIncomeTaxPayable,annualOtherNonCurrentAssets,annualTotalNonCurrentLiabilitiesNetMinorityInterest,annualCashFlowFromContinuingFinancingActivities,annualGainsLossesNotAffectingRetainedEarnings,annualRepurchaseOfCapitalStock,annualChangeInInventory,annualCurrentDebt,annualChangesInAccountReceivables,annualLongTermDebt,annualOtherIncomeExpense,annualCurrentAccruedExpenses,annualOtherNonCurrentLiabilities,annualAccountsReceivable,annualOtherCurrentAssets,annualCashCashEquivalentsAndMarketableSecurities,annualOtherShortTermInvestments,annualOtherCurrentLiabilities,annualNonCurrentDeferredRevenue,annualEbitda,annualAccumulatedDepreciation
2002-12-31,219784000000,160730000000,,70631000000,,70631000000,,,73747000000,-64688000000,-48462000000,-7226000000,,0.0,168341000000,,,,89630000000.0,9740000000.0,83487000000,,153000000,4594767000000,,-1639000000,,6749000000,17846000000,988391000000,6527000000,6902000000,212558000000,,,47943000000,4776773000000,178208000000,6527000000,,1428000000,25091000000,,,,,,,,,,,,,,,,,,,,,,,,,,,,,,,,,,,
2003-12-31,160884000000,160671000000,,78086000000,-36293000000.0,78086000000,213629000000.0,,78439000000,-346227000000,-132124000000,-7531000000,,,28991000000,103312000000.0,0.0,66361000000.0,,69872000000.0,184604000000,,11292000000,5095658000000,242620000000.0,-1582000000,,22494000000,483803000000,11452000000,22374000000,33786000000,153353000000,-91000000.0,,46936000000,4560174000000,-537099000000,22374000000,8654000000.0,-718592000000,221862000000,,,,,,,,,,,,,,,,,,,,,,,,,,,,,,,,,,,
2004-12-31,120764000000,160669000000,1088000000.0,76576000000,-30859000000.0,76576000000,242620000000.0,,87941000000,-467936000000,-200067000000,-6730000000,,,-74601000000,60426000000.0,1465000000.0,70161000000.0,35581000000.0,84005000000.0,202805000000,,23193000000,5577369000000,168019000000.0,2973000000,,31118000000,536128000000,9009000000,30763000000,54311000000,114034000000,-226000000.0,,47067000000,5072874000000,-508163000000,30763000000,8977000000.0,-687837000000,269896000000,1467000000.0,,,,,,,,,,,,,,,,,,,,,,,,,,,,,,,,,,
2005-12-31,367494000000,248000000000,1023000000.0,109976000000,-27014000000.0,109976000000,168019000000.0,,122708000000,-719996000000,-397411000000,-7623000000,,-138000000.0,126405000000,306251000000.0,124314000000.0,86599000000.0,39144000000.0,91666000000.0,241388000000,,25007000000,6196255000000,294424000000.0,-1764000000,0.148215,37869000000,639519000000,7069000000,37405000000,62876000000,359871000000,-728000000.0,0.148215,61293000000,6457239000000,256947000000,37405000000,10101000000.0,5009000000,326795000000,166000000.0,,,,,,,,,,,,,,,,,,,,,,,,,,,,,,,,,,
2006-12-31,396221000000,334019000000,,106768000000,-31656000000.0,106768000000,,,75888000000,-2352936000000,-343450000000,-4585000000,275993081429.0,,212370000000,306628000000.0,185682000000.0,109823000000.0,,103001000000.0,178889000000,275993081429.0,22185000000,7037685000000,,-2022000000,0.143274,49336000000,910163000000,17405000000,48719000000,71521000000,391636000000,-23624000000.0,0.143274,64469000000,7509118000000,466896000000,48719000000,10195000000.0,5344000000,2014571000000,188676000000.0,,,,,,,,,,,,,,,,,,,,,,,,,,,,,,,,,,
2007-12-31,296129000000,334019000000,,79146000000,-37406000000.0,79146000000,275360000000.0,-134000000.0,103566000000,-1455833000000,-244792000000,-7226000000,344532211333.0,-1205000000.0,26327000000,172455000000.0,-398000000.0,132822000000.0,,113185000000.0,254141000000,344532211333.0,33124000000,8140036000000,301687000000.0,-2085000000,0.235844,81990000000,1342104000000,1918588000000,81256000000,115114000000,288903000000,-15490000000.0,0.235844,87631000000,8684288000000,538947000000,81256000000,9492000000.0,45440000000,1217519000000,,,,,,,,,,,,,,,,,,,,,,,,,,,,,,,,,,,
2008-12-31,370913000000,334019000000,,84948000000,-55528000000.0,84948000000,301687000000.0,,110699000000,-1086048000000,-9924000000,-10975000000,341568778545.0,,305604000000,171044000000.0,-45924000000.0,177537000000.0,,143531000000.0,307780000000,341568778545.0,34150000000,9150516000000,607291000000.0,-40869000000,0.324286,111151000000,1864206000000,1929703000000,110766000000,145301000000,359938000000,,0.324286,91506000000,9757654000000,603183000000,110766000000,9490000000.0,72146000000,1127448000000,,,,,,,,,,,,,,,,,,,,,,,,,,,,,,,,,,,
2009-12-31,403862000000,334019000000,,93319000000,-26784999014.0,93319000000,607291000000.0,-5000000.0,120241000000,-1559376000000,-585284000000,-13037000000,335551062513.0,,-197897000000,-1670986000000.0,80000000.0,160057000000.0,,165994000000.0,307467000000,335551062513.0,37898000000,11106119000000,409394000000.0,-7248000000,0.383247,129350000000,1931048000000,2508830000000,128599000000,167248000000,390825000000,-56281000000.0,0.383247,101703000000,11785053000000,673893000000,128599000000,11000000000.0,117931000000,992950000000,80000000.0,,,,,,,,,,,,,,,,,,,,,,,,,,,,,,,,,,
2010-12-31,278176000000,349019000000,,100839000000,-27988000000.0,100839000000,409394000000.0,-3457000000.0,138346000000,-1978526000000,-159586000000,-13258000000,344075000000.0,-24597000000.0,119577000000,82581000000.0,44721000000.0,159013000000.0,,214487000000.0,378675000000,344075000000.0,49401000000,12636965000000,528971000000.0,-6759000000,0.48,166025000000,2542085000000,3284219000000,165156000000,215426000000,264918000000,-66364000000.0,0.48,116578000000,13458622000000,820430000000,165156000000,12158000000.0,201157000000,1841470000000,45078000000.0,,,,,,,,,,,,,,,,,,,,,,,,,,,,,,,,,,
2011-12-31,348123000000,349084000000,,116300000000,-31121000000.0,116300000000,528971000000.0,,173093000000,-1385707000000,-56733000000,-11405000000,347108333333.0,,319337000000,94004000000.0,-366000000.0,226816000000.0,,271000000000.0,472770000000,352991525424.0,63866000000,14519045000000,848308000000.0,-11491000000,0.59,208445000000,3279129000000,3467308000000,208265000000,272311000000,336718000000,-67432000000.0,0.6,139598000000,15476868000000,956742000000,208265000000,11218000000.0,313334000000,1350592000000,31000000.0,,,,,,,,,,,,,,,,,,,,,,,,,,,,,,,,,,
2012-12-31,533508000000,349620000000,,132879000000,-33745000000.0,132879000000,848308000000.0,-3742000000.0,195742000000,-1058490000000,-126670000000,-18707000000,350782352941.0,,353339000000,237295000000.0,600000000.0,303611000000.0,,307458000000.0,534293000000,356017910448.0,69996000000,16413758000000,1201647000000.0,-13145000000,0.67,238691000000,3866751000000,3767212000000,238532000000,308687000000,514801000000,-79519000000.0,0.68,153336000000,17542217000000,1124997000000,238532000000,14996000000.0,372541000000,966143000000,600000000.0,,,,,,,,,,,,,,,,,,,,,,,,,,,,,,,,,,
2013-12-31,-1947000000,351390000000,,160704000000,-38321000000.0,160704000000,1201647000000.0,,214270000000,-1239747000000,-164161000000,-32485000000,350198666667.0,-17084000000.0,-244245000000,-333035000000.0,938000000.0,323776000000.0,,337046000000.0,589637000000,354931081081.0,75572000000,17639289000000,957402000000.0,-11942000000,0.74,262965000000,4073812000000,4051291000000,262649000000,338537000000,-34432000000,-93686000000.0,0.75,165280000000,18917752000000,1274134000000,262649000000,13386000000.0,511949000000,1118432000000,955000000.0,,,,,,,,,,,,,,,,,,,,,,,,,,,,,,,,,,
2014-12-31,201457000000,387923000000,,196238000000,-56729000000.0,196238000000,957402000000.0,,242551000000,-1109502000000,-146741000000,-44623000000,353603846154.0,-54594000000.0,36862000000,-144954000000.0,35942000000.0,356357000000.0,,359612000000.0,656735000000,353603846154.0,85326000000,19072649000000,994264000000.0,-9334000000,0.78,276286000000,4402348000000,4154473000000,275811000000,361612000000,156834000000,-103246000000.0,0.78,176261000000,20609953000000,1530859000000,275811000000,15053000000.0,650236000000,1012916000000,1393000000.0,,,,,,,,,,,,,,,,,,,,,,,,,,,,,,,,,,
2015-12-31,1131764000000,435782000000,,221502000000,-86993000000.0,221502000000,994264000000.0,,251119000000,-2007318000000,-666961000000,-33486000000,359910389610.0,-94205000000.0,447034000000,761193000000.0,44949000000.0,363912000000.0,,359535000000.0,695317000000,359910389610.0,85515000000,20409261000000,1441298000000.0,-8811000000,0.77,277720000000,3858045000000,4760875000000,277131000000,363235000000,1098278000000,-103690000000.0,0.77,177823000000,22209780000000,1789474000000,277131000000,16976000000.0,781988000000,1379173000000,323000000.0,,,,,,,,,,,,,,,,,,,,,,,,,,,,,,,,,,
2016-12-31,239221000000,435782000000,,243619000000,-87894000000.0,243619000000,1441298000000.0,,227682000000,-2494066000000,-468932000000,-36915000000,361362337662.0,-854012000000.0,-251930000000,-137269000000.0,1520000000.0,319634000000.0,,360315000000.0,673287000000,361362337662.0,84173000000,22156102000000,1189368000000.0,-2366000000,0.77,279106000000,4368352000000,5314333000000,278249000000,363279000000,202306000000,-101650000000.0,0.77,175156000000,24137265000000,1969751000000,278249000000,18694000000.0,940663000000,2061078000000,1520000000.0,,,,,,,,,,,,,,,,,,,,,,,,,,,,,,,,,,
2017-12-31,770864000000,435782000000,,245687000000,-127769000000.0,245687000000,1189368000000.0,,236891000000,-2634845000000,-489258000000,-6880000000,362087341772.0,-759095000000.0,330962000000,322356000000.0,598000000.0,339516000000.0,,,723552000000,362087341772.0,77190000000,23945987000000,1520330000000.0,-6216000000,0.79,287451000000,4700197000000,5601029000000,286049000000,364641000000,763984000000,-103622000000.0,0.79,177723000000,26087043000000,2127491000000,286049000000,17022000000.0,1097544000000,2154855000000,,,,,,,,,,,,,,,,,,,,,,,,,,,,,,,,,,,
2018-12-31,724133000000,435782000000,,288606000000,-161594000000.0,288606000000,1520330000000.0,-799000000.0,241008000000,-2171838000000,-731745000000,-53024000000,363019512195.0,-968222000000.0,-10807000000,209668000000.0,125000000.0,375576000000.0,,,770700000000,363019512195.0,73690000000,25354657000000,1509523000000.0,-7472000000,0.82,298723000000,4516317000000,905806000000,297676000000,372413000000,671109000000,-113573000000.0,0.82,185041000000,27699540000000,2330001000000,297676000000,19447000000.0,1206666000000,1497365000000,,,,,,,,,,,,,,,,,,,,,,,,,,,,,,,,,,,
