date,annualCurrentAssets,annualBeginningCashPosition,annualChangesInAccountReceivables,annualInterestExpense,annualSellingGeneralAndAdministration,annualOtherNonCurrentAssets,annualGrossPPE,annualNetIncomeCommonStockholders,annualAccumulatedDepreciation,annualRepaymentOfDebt,annualOtherCurrentLiabilities,annualCurrentAccruedExpenses,annualCapitalExpenditure,annualChangeInCashSupplementalAsReported,annualCapitalStock,annualTotalRevenue,annualCostOfRevenue,annualOtherCurrentAssets,annualCurrentDebt,annualFreeCashFlow,annualStockBasedCompensation,annualNetOtherFinancingCharges,annualTotalNonCurrentAssets,annualResearchAndDevelopment,annualGrossProfit,annualPurchaseOfBusiness,annualChangeInWorkingCapital,annualNetIncomeContinuousOperations,annualOperatingExpense,annualTotalLiabilitiesNetMinorityInterest,annualPurchaseOfInvestment,annualAccountsReceivable,annualLongTermDebt,annualNetIncome,annualPretaxIncome,annualCashDividendsPaid,annualSaleOfInvestment,annualOtherNonCashItems,annualDepreciationAndAmortization,annualStockholdersEquity,annualTotalAssets,annualCashFlowFromContinuingFinancingActivities,annualInvestingCashFlow,annualRetainedEarnings,annualOperatingIncome,annualEndCashPosition,annualOtherShortTermInvestments,annualCommonStockIssuance,annualOtherIncomeExpense,annualAccountsPayable,annualNetPPE,annualOperatingCashFlow,annualChangeInAccountPayable,annualTotalNonCurrentLiabilitiesNetMinorityInterest,annualCurrentLiabilities,annualOtherNonCurrentLiabilities,annualEbitda,annualInvestmentsAndAdvances,annualRepurchaseOfCapitalStock,annualGainsLossesNotAffectingRetainedEarnings,annualCashCashEquivalentsAndMarketableSecurities,annualNetOtherInvestingChanges,annualCashAndCashEquivalents,annualNonCurrentDeferredRevenue,annualChangeInInventory,annualGoodwill,annualBasicEPS,annualIncomeTaxPayable,annualDeferredIncomeTax,annualTaxProvision,annualInventory,annualDilutedEPS,annualNonCurrentDeferredTaxesLiabilities,annualCurrentDeferredRevenue,annualDilutedAverageShares,annualOtherIntangibleAssets,annualBasicAverageShares
1997-12-31,170200000.0,8998000.0,-5300000.0,91588000.0,11805000.0,-3104000.0,1796500000.0,39756000.0,-294218000.0,-707625000.0,34097000.0,,-554611000.0,19072000.0,387000,275461000.0,89577000.0,93779000.0,,-495542000.0,,-54968000.0,1502321000.0,,185884000.0,-3143000.0,-17947000.0,31831000.0,50578000.0,1396837000,,,1332253000,39756000.0,,-17026000.0,,-1513000.0,38773000.0,175048000,1672521000,512590000.0,-552587000.0,2314000,135306000.0,28070000.0,,839209000.0,,23800000,1502282000.0,59069000.0,5600000.0,1332337000.0,64500000.0,84000.0,174079000.0,3143000,,,17560000,5167000.0,17560000,,,,,,,,,,,,,,
1998-12-31,,17560000.0,-36100000.0,124860000.0,22504000.0,,4917193000.0,93112000.0,-357384000.0,-699714000.0,,7300000.0,-1697449000.0,-5394000.0,635000,513847000.0,150490000.0,,,-1482162000.0,,-2408000.0,,,363357000.0,-43644000.0,7000.0,98593000.0,97922000.0,3207372000,,,3088724000,93112000.0,,-127307000.0,,46750000.0,75418000.0,948481000,5235087000,1958534000.0,-2179215000.0,-7865000,265435000.0,12166000.0,,819103000.0,,-6849000,4559809000.0,215287000.0,36100000.0,,,,340853000.0,46787000,,,12166000,-438122000.0,12166000,,,,,,,,,,,,,,
1999-12-31,,12166000.0,-37000000.0,205410000.0,29455000.0,,5612258000.0,113947000.0,-470591000.0,-706505000.0,,8500000.0,-663841000.0,-131000.0,679000,786564000.0,249268000.0,,,-360475000.0,,237900000.0,,,537296000.0,-10840000.0,3185000.0,113309000.0,149514000.0,3595246000,-6500000.0,,3321584000,119776000.0,,-181493000.0,,60346000.0,120059000.0,1057564000,5434772000,354230000.0,-657727000.0,-10893000,387782000.0,12035000.0,,803000.0,,16652000,5141667000.0,303366000.0,40300000.0,,,,507841000.0,36415000,,,12035000,-653490000.0,12035000,,,,,,,,,,,,,,
2000-12-31,,12035000.0,-13501000.0,217064000.0,35659000.0,,6112779000.0,146426000.0,-586719000.0,-1075241000.0,,5599000.0,-604164000.0,268922000.0,866000,879353000.0,264701000.0,,,-264500000.0,,610813000.0,,,614652000.0,-604164000.0,-29044000.0,153566000.0,168475000.0,3701028000,-18879000.0,,3414891000,152998000.0,,-209723000.0,,82127000.0,133150000.0,1647727000,6226470000,502621000.0,-573363000.0,-13895000,446177000.0,280957000.0,7012000.0,16382000.0,-568000.0,57338000,5526060000.0,339664000.0,-15543000.0,,,,579327000.0,89871000,,-11745000.0,287969000,-21032000.0,280957000,,,,,,,,,,,,,,
2001-12-31,,280957000.0,-29550000.0,223389000.0,38312000.0,,7457906000.0,201440000.0,-719854000.0,-340221000.0,,9080000.0,-1322565000.0,-182890000.0,908000,1032978000.0,312294000.0,,,-903162000.0,,81076000.0,,,720684000.0,-1322565000.0,-17869000.0,205710000.0,168487000.0,4654697000,-7163000.0,,4314942000,208032000.0,,-276538000.0,,79077000.0,150163000.0,1754073000,7253510000,701329000.0,-1303622000.0,-17669000,552197000.0,98067000.0,4297000.0,0.0,-17399000.0,1547000,6738052000.0,419403000.0,11681000.0,,,,702360000.0,98485000,-2722000.0,-13868000.0,102364000,0.0,98067000,,,,,,,,,,,,,,
2002-12-31,,98067000.0,24135000.0,271685000.0,47292000.0,,8670711000.0,440971000.0,-822933000.0,-1484602000.0,,25141000.0,-1432302000.0,-42792000.0,954000,1234823000.0,416577000.0,,,-994922000.0,,749791000.0,,,818246000.0,-1432302000.0,-66223000.0,419859000.0,249640000.0,5423032000,-4158000.0,,5041537000,444383000.0,,-297331000.0,,-127763000.0,186429000.0,2159590000,8427203000,537111000.0,-1017283000.0,198586000,568606000.0,55275000.0,,0.0,,-7380000,7847778000.0,437380000.0,21125000.0,,,,755035000.0,101905000,0.0,-17018000.0,55275000,0.0,55275000,,,,,,,,,,,,,,
2003-12-31,,55275000.0,-53279000.0,299436000.0,45359000.0,,8983260000.0,365322000.0,-1001435000.0,-1762470000.0,,50931000.0,-422273000.0,-32589000.0,982000,1309628000.0,452889000.0,,,66002000.0,,58041000.0,,,856739000.0,-422273000.0,-46337000.0,289912000.0,256469000.0,5320804000,-4495000.0,,5004720000,365322000.0,,-313811000.0,,-41187000.0,210477000.0,2400163000,8551100000,-618360000.0,97496000.0,320900000,600270000.0,22686000.0,,69028000.0,56100000.0,7457000,7981825000.0,488275000.0,6942000.0,,,,810747000.0,88786000,-69028000.0,-16335000.0,22686000,0.0,22686000,,,,,,,,,,,,,,
2004-12-31,,22686000.0,-72560000.0,306170000.0,53636000.0,,9291227000.0,284017000.0,-1143369000.0,-419731000.0,,50670000.0,-277684000.0,216658000.0,1103000,1400465000.0,474746000.0,,,151822000.0,,120699000.0,,,925719000.0,,-149066000.0,255439000.0,312150000.0,5340827000,,,5011814000,284017000.0,,-342815000.0,,41614000.0,252941000.0,2936073000,9063228000,-41834000.0,-171014000.0,325452000,613569000.0,239344000.0,,291496000.0,8149000.0,3023000,8147858000.0,429506000.0,-76506000.0,,,,866510000.0,80955000,,-15637000.0,239344000,-277684000.0,239344000,,,,,,,,,,,,,,
2005-12-31,,239344000.0,-97937000.0,308091000.0,55471000.0,,9151175000.0,438292000.0,-1265073000.0,-1098690000.0,,47911000.0,-394757000.0,22152000.0,1125000,1437635000.0,490024000.0,,,77492000.0,,82226000.0,,,947611000.0,,-124317000.0,392951000.0,335196000.0,5245754000,-37500000.0,,4826254000,438292000.0,,-702989000.0,39813000.0,-109367000.0,267641000.0,2917346000,8902368000,-806702000.0,356605000.0,182105000,612415000.0,261496000.0,,1846000.0,,2180000,7886102000.0,472249000.0,-26380000.0,,,,880056000.0,90207000,-1846000.0,-8881000.0,261496000,749049000.0,261496000,,,,,,,,,,,,,,
2006-12-31,,261496000.0,-56887000.0,298260000.0,59375000.0,,9552458000.0,873635000.0,-1392055000.0,-661139000.0,,47441000.0,-642024000.0,464292000.0,1175000,1477586000.0,497352000.0,,,-114045000.0,,522422000.0,,,980234000.0,,-118248000.0,873635000.0,368277000.0,5848288000,-282764000.0,,4150937000,873635000.0,,-391613000.0,23566000.0,-504167000.0,276759000.0,3223226000,9695022000,-293443000.0,229756000.0,108155000,611957000.0,725788000.0,,0.0,,102934000,8160403000.0,527979000.0,-61361000.0,,,,888716000.0,83711000,,-3323000.0,725788000,1130978000.0,725788000,,,,,,,,,,,,,,
2007-12-31,,725788000.0,-31522000.0,,69882000.0,,10249895000.0,1324690000.0,-1531707000.0,-1456618000.0,,54487000.0,-1132594000.0,781133000.0,1195000,1482289000.0,483605000.0,,,-503216000.0,,794064000.0,,,998684000.0,,-50092000.0,1098134000.0,359329000.0,6869920000,-30374000.0,,4198040000,1324690000.0,,-1143470000.0,0.0,-934198000.0,288978000.0,3668825000,11192637000,-425176000.0,576931000.0,394324000,639355000.0,1506921000.0,104256000.0,23479000.0,,145692000,8718188000.0,629378000.0,-18570000.0,,,,928333000.0,81672000,,-29191000.0,1611177000,1739899000.0,1506921000,,,,,,,,,,,,,,
2008-12-31,613813000.0,1506921000.0,,271972000.0,72365000.0,316711000.0,10618344000.0,125232000.0,-1768785000.0,-1930262000.0,0.0,67132000.0,-575974000.0,-1265411000.0,1212000,1488400000.0,515540000.0,0.0,100000000.0,-15066000.0,23106000.0,-80618000.0,10297832000.0,,972860000.0,-896027000.0,-113405000.0,125232000.0,376512000.0,7380378000,0.0,68743000.0,6171916000,125232000.0,,-1235767000.0,14697000.0,41936000.0,304147000.0,3531267000,10911645000,-510643000.0,-1315676000.0,192843000,596348000.0,241510000.0,11590000.0,37410000.0,-155894000.0,171791000,8849559000.0,560908000.0,,6944293000.0,436085000.0,173750000.0,900495000.0,782760000,,-29916000.0,253100000,-147000000.0,241510000,,,,,,,,,,,,,,
2009-12-31,1843986000.0,241510000.0,,322833000.0,75447000.0,363121000.0,11099558000.0,231014000.0,-2033677000.0,-250238000.0,0.0,76058000.0,-442844000.0,1207423000.0,1389000,1522249000.0,525765000.0,0.0,0.0,174532000.0,26636000.0,-13856000.0,10504717000.0,,996484000.0,-7835000.0,-71807000.0,274499000.0,397128000.0,7279644000,,93240000.0,6719771000,231014000.0,,-357328000.0,4078000.0,52167000.0,321681000.0,4446002000,12348703000,1036648000.0,-446601000.0,95433000,599356000.0,1448933000.0,9946000.0,850624000.0,49660000.0,220089000,9065881000.0,617376000.0,,6902961000.0,376683000.0,127538000.0,921037000.0,763636000,,-21777000.0,1458879000,0.0,1448933000,,,,,,,,,,,,,,
2010-12-31,1638212000.0,1448933000.0,,378079000.0,79658000.0,0.0,12764935000.0,159072000.0,-2323818000.0,-1648783000.0,0.0,62327000.0,-860519000.0,-969985000.0,1402000,1550804000.0,526847000.0,0.0,0.0,-484626000.0,32852000.0,-42274000.0,11710051000.0,,1023957000.0,-62806000.0,-205578000.0,187593000.0,410829000.0,8384070000,-22500000.0,129818000.0,7786001000,159072000.0,,-328051000.0,2149000.0,50830000.0,338371000.0,4372643000,13348263000,-184604000.0,-1161274000.0,-24763000,613128000.0,478948000.0,8732000.0,22593000.0,-54788000.0,186059000,10441117000.0,375893000.0,,8054653000.0,329417000.0,213000000.0,951499000.0,767252000,,-18436000.0,487680000,-267500000.0,478948000,,,,,,,,,,,,,,
2011-12-31,2323222000.0,478948000.0,,394131000.0,81442000.0,522675000.0,13389472000.0,272679000.0,-2642986000.0,-1310927000.0,0.0,69105000.0,-445997000.0,1344260000.0,1481000,1759526000.0,620105000.0,0.0,0.0,160331000.0,,6190000.0,12459744000.0,0.0,1139421000.0,-17970000.0,-181607000.0,313826000.0,520626000.0,9369450000,,79838000.0,8704138000,272679000.0,313826000.0,-332597000.0,,49361000.0,439184000.0,4865998000,14782966000,828028000.0,-90096000.0,-53080000,618795000.0,1823208000.0,9548000.0,439037000.0,83804000.0,155139000,10746486000.0,606328000.0,,9053305000.0,316145000.0,293515000.0,1057979000.0,669722000,,-16138000.0,1832756000,331243000.0,1823208000,,,,,,,,,,,,,,
2012-12-31,2242830000.0,1823208000.0,23155000.0,413564000.0,82382000.0,0.0,14893328000.0,289650000.0,-2934160000.0,-985572000.0,0.0,72461000.0,-1194392000.0,-781230000.0,1516000,1876267000.0,685483000.0,598199000.0,0.0,642949000.0,29679000.0,-14390000.0,13219491000.0,,1190784000.0,-6214000.0,-105203000.0,294222000.0,535450000.0,9827467000,-1235000.0,69555000.0,8912369000,289650000.0,294222000.0,-372899000.0,,43131000.0,454044000.0,5097065000,15462321000,-146147000.0,-1278032000.0,-109971000,655334000.0,1041978000.0,12172000.0,247253000.0,42361000.0,199102000,11959168000.0,642949000.0,3854000.0,9445416000.0,382051000.0,324613000.0,1160854000.0,672088000,-18329000.0,-13817000.0,1041978000,-2049000.0,1041978000,,,,,,,,,,,,,,
2013-12-31,3317882000.0,1041978000.0,-443000.0,446880000.0,115329000.0,0.0,18978765000.0,741754000.0,-3161571000.0,-473779000.0,0.0,167523000.0,-993556000.0,1323159000.0,201530000,2135539000.0,771403000.0,651603000.0,311040000.0,777926000.0,45155000.0,657798000.0,16844369000.0,,1364136000.0,0.0,-67079000.0,703648000.0,675966000.0,13118633000,-1558000.0,59464000.0,11521508000,749811000.0,703648000.0,-451118000.0,,-383342000.0,565397000.0,5741153000,20162251000,1077873000.0,-532640000.0,-108552000,688170000.0,2365137000.0,16641000.0,0.0,454048000.0,202470000,15817194000.0,777926000.0,13108000.0,12251398000.0,867235000.0,578969000.0,1711165000.0,142725000,-43404000.0,-11556000.0,2365137000,12491000.0,2365137000,,,,,,,,,,,,,,
2014-12-31,3153426000.0,2365137000.0,12869000.0,455743000.0,98937000.0,0.0,19236403000.0,433111000.0,-3547659000.0,-1290529000.0,0.0,163532000.0,-599094000.0,-602058000.0,201531000,2396998000.0,864526000.0,691999000.0,489796000.0,695553000.0,28099000.0,1513756000.0,16733341000.0,,1532472000.0,-52052000.0,-178396000.0,358018000.0,727510000.0,11983831000,-1780000.0,46595000.0,10086984000,443611000.0,358018000.0,-840264000.0,,-39343000.0,628573000.0,5697298000,19886767000,-632487000.0,-665124000.0,-762464000,804962000.0,1763079000.0,19459000.0,1923000.0,34000.0,243263000,15688744000.0,695553000.0,3903000.0,10694564000.0,1289267000.0,502255000.0,1442334000.0,212853000,-17373000.0,-9304000.0,1763079000,1491000.0,1763079000,,,,,,,,,,,,,,
2015-12-31,1835374000.0,1763079000.0,-46326000.0,432196000.0,96319000.0,0.0,19481535000.0,572606000.0,-3925894000.0,-58260000.0,0.0,190386000.0,-631991000.0,-1039361000.0,201536000,2490821000.0,904336000.0,754883000.0,488482000.0,799411000.0,29183000.0,-274253000.0,16544082000.0,,1586485000.0,-38207000.0,-259255000.0,424023000.0,735861000.0,10492529000,-668909000.0,97865000.0,9216513000,583106000.0,424023000.0,-1226199000.0,,-42271000.0,639542000.0,5709435000,18379456000,-1558546000.0,-280226000.0,-780952000,850624000.0,723718000.0,20380000.0,799000.0,-1182000.0,274709000,15555641000.0,799411000.0,-6310000.0,9700114000.0,792415000.0,483601000.0,1495761000.0,255604000,-633000.0,-14114000.0,723718000,-1799000.0,723718000,,,,,,,,,,,,,,
2016-12-31,1441440000.0,723718000.0,3688000.0,412849000.0,105229000.0,0.0,20147263000.0,500602000.0,-4223743000.0,-1357870000.0,0.0,243933000.0,-959288000.0,-366804000.0,201538000,2550820000.0,921234000.0,799138000.0,487093000.0,1036874000.0,32911000.0,-59644000.0,17408327000.0,,1629586000.0,-575795000.0,-102151000.0,487495000.0,801508000.0,10919719000,-1161000.0,92548000.0,9796133000,511102000.0,487495000.0,-671626000.0,,-35052000.0,694403000.0,5784615000,18849767000,-74621000.0,-1329057000.0,-695377000,828078000.0,356914000.0,23814000.0,,65036000.0,298524000,15923520000.0,1036874000.0,15666000.0,10246954000.0,672765000.0,450821000.0,1596623000.0,799012000,-271000.0,-52251000.0,356914000,8290000.0,356914000,,,,,,,,,,,,,,
2017-12-31,1537101000.0,356914000.0,2433000.0,374481000.0,113715000.0,0.0,21084462000.0,451939000.0,-4577454000.0,-3080338000.0,0.0,83646000.0,,77853000.0,201543000,2602076000.0,962036000.0,861575000.0,45000000.0,907445000.0,35361000.0,-53038000.0,17835132000.0,,1640040000.0,-109015000.0,-295685000.0,554818000.0,731262000.0,11269777000,-1669000.0,92186000.0,10271611000,462439000.0,554818000.0,-526578000.0,,-1284000.0,617547000.0,5813957000,19372233000,68222000.0,-897814000.0,-712343000,908778000.0,434767000.0,29161000.0,241000.0,14738000.0,331500000,16507008000.0,907445000.0,10482000.0,10715591000.0,554186000.0,443980000.0,1546846000.0,649086000,0.0,-50429000.0,434767000,-15770000.0,434767000,,,,,,,,,,,,,,
2018-12-31,1841127000.0,505369000.0,29204000.0,378168000.0,121722000.0,,,572349000.0,,-1510464000.0,,89267000.0,,133822000.0,201545000,2717076000.0,1022604000.0,,,1150245000.0,40117000.0,-60135000.0,18415350000.0,,1694472000.0,-345717000.0,-121196000.0,597874000.0,767371000.0,12042509000,-902000.0,86629000.0,11007757000,582849000.0,597874000.0,-587628000.0,,21303000.0,645649000.0,5883171000,20256477000,82453000.0,-1098876000.0,-675534000,927101000.0,639191000.0,,,38118000.0,276645000,,1150245000.0,1353000.0,11511483000.0,531026000.0,503726000.0,1621691000.0,984507000,-730000.0,-47741000.0,543359000,-99455000.0,543359000,,,,,,,,,,,,,,
2019-12-31,1981086000.0,,,,,,,,,,,90016000.0,,,201548000,,,,,,,,19303819000.0,,,,,,,13270669000,,112807000.0,11811806000,,,,,,,5684687000,21284905000,,,-760523000,,,,,,377553000,,,,12632387000.0,638282000.0,387994000.0,,992394000,,-48335000.0,644950000,,644950000,,,,,,,,,,,,,,
