date,annualStockBasedCompensation,annualCurrentLiabilities,annualDilutedEPS,annualOperatingCashFlow,annualCapitalStock,annualBasicAverageShares,annualOtherIntangibleAssets,annualIncomeTaxPayable,annualNonCurrentDeferredTaxesLiabilities,annualGrossProfit,annualBasicEPS,annualNetPPE,annualPurchaseOfBusiness,annualEbitda,annualCashCashEquivalentsAndMarketableSecurities,annualGoodwill,annualChangeInCashSupplementalAsReported,annualChangesInAccountReceivables,annualOtherNonCurrentLiabilities,annualGrossPPE,annualPretaxIncome,annualInterestExpense,annualDeferredIncomeTax,annualOperatingIncome,annualRepaymentOfDebt,annualOtherIncomeExpense,annualDilutedAverageShares,annualPurchaseOfInvestment,annualCapitalExpenditure,annualInvestingCashFlow,annualOtherCurrentLiabilities,annualCashFlowFromContinuingFinancingActivities,annualEndCashPosition,annualCurrentDebt,annualCurrentAccruedExpenses,annualCurrentDeferredRevenue,annualOtherCurrentAssets,annualTotalRevenue,annualCostOfRevenue,annualChangeInAccountPayable,annualAccountsPayable,annualTotalNonCurrentLiabilitiesNetMinorityInterest,annualNetOtherFinancingCharges,annualAccumulatedDepreciation,annualFreeCashFlow,annualInvestmentsAndAdvances,annualGainsLossesNotAffectingRetainedEarnings,annualOtherNonCurrentAssets,annualOperatingExpense,annualRepurchaseOfCapitalStock,annualChangeInWorkingCapital,annualNetIncomeContinuousOperations,annualNetOtherInvestingChanges,annualCashAndCashEquivalents,annualTotalLiabilitiesNetMinorityInterest,annualTotalAssets,annualRetainedEarnings,annualNetIncome,annualLongTermDebt,annualBeginningCashPosition,annualCurrentAssets,annualAccountsReceivable,annualCashDividendsPaid,annualNetIncomeCommonStockholders,annualSaleOfInvestment,annualCommonStockIssuance,annualSellingGeneralAndAdministration,annualTotalNonCurrentAssets,annualOtherNonCashItems,annualStockholdersEquity,annualDepreciationAndAmortization,annualTaxProvision,annualChangeInInventory,annualNonCurrentDeferredRevenue,annualInventory,annualResearchAndDevelopment,annualOtherShortTermInvestments
2000-12-31,,,,,,,,,,,,366944000.0,,295717000,,,,,,366944000.0,,,,295717000,,,,,,,,,,,,,,295717000,,,,,,,,,,,,,,-303757000,,,1861518000,5954668000,,-303757000,,,,,,-303757000,,,,,,4093150000,,,,,,,
2001-12-31,,,-1.085,,,,,,,,-1.085,,,-350628000,,2034102000.0,,,,,,,,-350628000,,,,,,,,,,,,,,592732000,,,,,,,,2899824000.0,,,943360000.0,,,-608261000,,,1821338000,5399702000,,-608261000,,,,,,-608261000,,,,,,3578364000,,,,,,,
2002-12-31,,,-0.23,,,,,,,,-0.23,,,539333000,,2104705000.0,,,,,,,,539333000,,,,,,,,,,,,,,539333000,,,,,,,,2816513000.0,,,,,,-129275000,,,1755733000,5373150000,,-129275000,,,,,,-129275000,,,,,,3617417000,,,,,,,
2003-12-31,,60595000.0,-0.095,29682000.0,,,,,1053113000.0,205098000.0,-0.095,257536000.0,0.0,71598000,8599000.0,,-3399000.0,,22650000.0,257536000.0,-34490000.0,47489000.0,17653000.0,1072000,-406820000.0,11927000.0,,,-25863000.0,-20233000.0,12927000.0,-12848000.0,8599000.0,,35399000.0,,0.0,506103000,301005000.0,,12269000.0,1075763000.0,391027000.0,,3819000.0,2863003000.0,6675000.0,7984000.0,204026000.0,,-14109000.0,-52394000,177000.0,8599000.0,1136358000,5396627000,-1237205000.0,-52394000,,11998000.0,131437000.0,102889000.0,,-52394000,,0.0,130336000.0,5265190000.0,8006000.0,4260269000,70526000.0,20156000.0,,,,,
2004-12-31,,108527000.0,0.12,84322000.0,,,,,1083964000.0,250925000.0,0.12,258741000.0,-44238000.0,94540000,34441000.0,,25842000.0,,25058000.0,258741000.0,101078000.0,0.0,31692000.0,16935000,0.0,84143000.0,,,-49292000.0,-89479000.0,21962000.0,30999000.0,34441000.0,,53238000.0,,0.0,631215000,380290000.0,,33327000.0,1109022000.0,30999000.0,,35030000.0,2945782000.0,12310000.0,8181000.0,233990000.0,,-10604000.0,66108000,73000.0,34441000.0,1217549000,5564828000,-1171097000.0,66108000,,8599000.0,211769000.0,151120000.0,,66108000,,0.0,153559000.0,5353059000.0,-80479000.0,4347279000,77605000.0,34970000.0,,,,,
2005-12-31,,89945000.0,0.06,85291000.0,2681000.0,,2133518000.0,,1131505000.0,248670000.0,0.06,256245000.0,,79087000,250352000.0,,228711000.0,,22361000.0,450349000.0,82112000.0,,50363000.0,2710000,,79864000.0,560398000.0,-394000.0,-90526000.0,-62746000.0,0.0,206166000.0,250352000.0,,45600000.0,17491000.0,4433000.0,694509000,445839000.0,,26854000.0,1153866000.0,206044000.0,-194104000.0,-5235000.0,,-1860000.0,3029087000.0,245960000.0,,7525000.0,33276000,15374000.0,250352000.0,1243811000,5819236000,-1137821000.0,33276000,,21641000.0,400386000.0,134615000.0,,33276000,12800000.0,,170045000.0,5418850000.0,,4575425000,76377000.0,48836000.0,,,,,
2006-12-31,,121887000.0,-0.08,73633000.0,2802000.0,560407076.0,,,1174594000.0,233605000.0,-0.08,280775000.0,,-35116000,154775000.0,2074789000.0,-95577000.0,,25237000.0,451754000.0,-2068000.0,,42115000.0,-103045000,,9622000.0,,-51837000.0,-77541000.0,-169482000.0,0.0,272000.0,154775000.0,,62216000.0,16015000.0,3629000.0,688087000,454482000.0,,43656000.0,1199831000.0,0.0,-170979000.0,-3908000.0,,15914000.0,3198056000.0,336650000.0,,19310000.0,-46010000,992000.0,154775000.0,1321718000,5870982000,-1183831000.0,-46010000,,250352000.0,317362000.0,147436000.0,,-46010000,,279000.0,177366000.0,5553620000.0,-9711000.0,4549264000,67929000.0,43942000.0,,,,,
2007-12-31,,120137000.0,-0.12,56999000.0,2810000.0,561193146.0,,,1228942000.0,216180000.0,-0.12,269742000.0,,-99150000,209449000.0,1909823000.0,54674000.0,,22352000.0,496360000.0,-9235000.0,,56353000.0,-166882000,,-6996000.0,,,-47115000.0,-14659000.0,0.0,12334000.0,209449000.0,,68888000.0,24951000.0,3101000.0,707214000,491034000.0,,26298000.0,1251294000.0,0.0,-226618000.0,9884000.0,,16781000.0,3314480000.0,383062000.0,,-14838000.0,-68392000,2021000.0,209449000.0,1371431000,5865752000,-1253483000.0,-68392000,,154775000.0,371707000.0,144342000.0,,-68392000,28292000.0,12975000.0,150687000.0,5494045000.0,164917000.0,4494321000,67732000.0,59157000.0,,,,,
2008-12-31,,1070000000.0,0.49,569000000.0,5000000.0,562447947.0,716000000.0,,246000000.0,2419000000.0,0.495,395000000.0,,1320000000,100000000.0,6891000000.0,-109000000.0,,301000000.0,897000000.0,754000000.0,258000000.0,190000000.0,1088000000,,-108000000.0,644000000.0,,-102000000.0,98000000.0,98000000.0,-774000000.0,100000000.0,458000000.0,350000000.0,93000000.0,73000000.0,3443000000,1024000000.0,,71000000.0,3878000000.0,-363000000.0,-502000000.0,467000000.0,,-78000000.0,1373000000.0,1331000000.0,,-316000000.0,274000000,0.0,100000000.0,4948000000,10484000000,-936000000.0,317000000,3331000000.0,209000000.0,1109000000.0,780000000.0,,317000000,24000000.0,,1115000000.0,9375000000.0,33000000.0,5536000000,232000000.0,352000000.0,,,,,
2009-12-31,228000000.0,790000000.0,0.65,608000000.0,5000000.0,564945732.0,1860000000.0,38000000.0,274000000.0,2451000000.0,0.65,411000000.0,0.0,1456000000,623000000.0,6433000000.0,523000000.0,,225000000.0,986000000.0,1031000000.0,,-7000000.0,1301000000,-1341000000.0,-20000000.0,850000000.0,,-57000000.0,266000000.0,87000000.0,-356000000.0,623000000.0,155000000.0,306000000.0,91000000.0,76000000.0,3516000000,1065000000.0,40000000.0,63000000.0,3956000000.0,-13000000.0,-575000000.0,551000000.0,,-21000000.0,581000000.0,1150000000.0,,-124000000.0,559000000,323000000.0,623000000.0,4746000000,10965000000,-376000000.0,560000000,3457000000.0,100000000.0,1680000000.0,,,552000000,,,1247000000.0,9285000000.0,32000000.0,6208000000,155000000.0,472000000.0,,,,,
2010-12-31,182000000.0,785000000.0,0.76,668000000.0,5000000.0,569440000.0,1850000000.0,,304000000.0,2700000000.0,0.765,399000000.0,-38000000.0,1270000000,466000000.0,6434000000.0,-157000000.0,,99000000.0,1053000000.0,935000000.0,203000000.0,11000000.0,1385000000,-2893000000.0,-247000000.0,858000000.0,-127000000.0,-49000000.0,-190000000.0,171000000.0,-641000000.0,466000000.0,20000000.0,338000000.0,114000000.0,83000000.0,3773000000,1073000000.0,,87000000.0,4001000000.0,-160000000.0,-654000000.0,619000000.0,,-33000000.0,601000000.0,1315000000.0,-605000000.0,-1136000000.0,647000000,24000000.0,466000000.0,4786000000,11019000000,0.0,653000000,3598000000.0,623000000.0,1735000000.0,,-31000000.0,652000000,0.0,,1185000000.0,9284000000.0,93000000.0,6225000000,132000000.0,288000000.0,,,,,
2011-12-31,99000000.0,746000000.0,1.4,1100000000.0,5000000.0,529125000.0,1873000000.0,38000000.0,337000000.0,3002000000.0,1.41,379000000.0,-26000000.0,2732000000,1048000000.0,6291000000.0,582000000.0,,92000000.0,1115000000.0,1559000000.0,208000000.0,,1700000000,-20000000.0,67000000.0,810000000.0,-151000000.0,-58000000.0,-214000000.0,72000000.0,-297000000.0,1048000000.0,26000000.0,129000000.0,113000000.0,93000000.0,4235000000,1233000000.0,,53000000.0,4648000000.0,28000000.0,-736000000.0,1042000000.0,807000000.0,-23000000.0,132000000.0,1302000000.0,-997000000.0,-1142000000.0,1134000000,0.0,1048000000.0,5394000000,11913000000,1132000000.0,1132000000,4219000000.0,466000000.0,2431000000.0,,-7000000.0,1132000000,21000000.0,,1183000000.0,9482000000.0,174000000.0,6517000000,965000000.0,425000000.0,,,,,
2012-12-31,154000000.0,946000000.0,1.24,1099000000.0,5000000.0,348925000.0,2166000000.0,59000000.0,272000000.0,3269000000.0,1.255,388000000.0,-553000000.0,2748000000,1201000000.0,6399000000.0,153000000.0,-59000000.0,207000000.0,1171000000.0,1518000000.0,248000000.0,-70000000.0,1861000000,-22000000.0,-95000000.0,760000000.0,-404000000.0,-77000000.0,-643000000.0,55000000.0,-305000000.0,1201000000.0,31000000.0,476000000.0,123000000.0,122000000.0,4487000000,1218000000.0,,71000000.0,5691000000.0,35000000.0,-783000000.0,1022000000.0,1095000000.0,4000000.0,152000000.0,1408000000.0,-1380000000.0,-1056000000.0,956000000,-30000000.0,1201000000.0,6637000000,12930000000,2075000000.0,943000000,5212000000.0,1048000000.0,2730000000.0,1130000000.0,,943000000,,81000000.0,1291000000.0,10200000000.0,32000000.0,6291000000,982000000.0,562000000.0,,,,,
2013-12-31,190000000.0,1294000000.0,1.485,1285000000.0,5000000.0,330950000.0,3448000000.0,71000000.0,637000000.0,3846000000.0,1.505,514000000.0,-1889000000.0,3508000000,408000000.0,7341000000.0,-793000000.0,-120000000.0,333000000.0,1397000000.0,1736000000.0,306000000.0,83000000.0,1995000000,-32000000.0,47000000.0,722000000.0,-55000000.0,-115000000.0,-1987000000.0,85000000.0,-85000000.0,408000000.0,17000000.0,624000000.0,144000000.0,277000000.0,5535000000,1689000000.0,,141000000.0,7488000000.0,-7000000.0,-883000000.0,1170000000.0,1087000000.0,4000000.0,179000000.0,1851000000.0,-1305000000.0,-1521000000.0,1077000000,-3000000.0,408000000.0,8782000000,14979000000,2892000000.0,1075000000,6482000000.0,1201000000.0,2410000000.0,1371000000.0,,1075000000,,73000000.0,1575000000.0,12569000000.0,32000000.0,6196000000,1466000000.0,659000000.0,,,,,
2014-12-31,78000000.0,2604000000.0,1.66,1318000000.0,7000000.0,454000000.0,3944000000.0,120000000.0,588000000.0,4141000000.0,1.67,554000000.0,-372000000.0,3961000000,367000000.0,8236000000.0,-41000000.0,6000000.0,425000000.0,1542000000.0,1747000000.0,328000000.0,-181000000.0,2120000000,-19000000.0,-45000000.0,687000000.0,0.0,-120000000.0,-568000000.0,32000000.0,-734000000.0,367000000.0,1107000000.0,744000000.0,178000000.0,329000000.0,6265000000,2124000000.0,,225000000.0,7806000000.0,-19000000.0,-988000000.0,1198000000.0,644000000.0,-368000000.0,145000000.0,2021000000.0,-1422000000.0,-1585000000.0,1137000000,-5000000.0,367000000.0,10410000000,16014000000,3809000000.0,1139000000,6046000000.0,408000000.0,2491000000.0,1433000000.0,,1139000000,,44000000.0,1692000000.0,13523000000.0,33000000.0,5602000000,1886000000.0,610000000.0,,,,,
2015-12-31,35000000.0,1579000000.0,1.58,1277000000.0,7000000.0,432000000.0,3760000000.0,30000000.0,556000000.0,4051000000.0,1.59,488000000.0,-80000000.0,3928000000,390000000.0,8164000000.0,23000000.0,-44000000.0,421000000.0,1561000000.0,1559000000.0,330000000.0,2000000.0,2052000000,-1114000000.0,-163000000.0,656000000.0,-220000000.0,-103000000.0,-301000000.0,5000000.0,-902000000.0,390000000.0,119000000.0,736000000.0,190000000.0,313000000.0,6394000000,2343000000.0,,282000000.0,8834000000.0,-659000000.0,-1073000000.0,1174000000.0,567000000.0,-633000000.0,289000000.0,1999000000.0,-951000000.0,-1905000000.0,1048000000,15000000.0,390000000.0,10413000000,15864000000,4517000000.0,1034000000,7616000000.0,367000000.0,2596000000.0,1479000000.0,,1034000000,,6000000.0,1669000000.0,13268000000.0,30000000.0,5451000000,2039000000.0,511000000.0,,,,,
2016-12-31,69000000.0,1561000000.0,1.96,1373000000.0,7000000.0,401000000.0,3601000000.0,34000000.0,553000000.0,4065000000.0,1.97,482000000.0,0.0,4119000000,300000000.0,8040000000.0,-90000000.0,-25000000.0,393000000.0,1614000000.0,1671000000.0,353000000.0,-27000000.0,2053000000,-863000000.0,-29000000.0,610000000.0,-272000000.0,-88000000.0,-256000000.0,31000000.0,-1177000000.0,300000000.0,82000000.0,837000000.0,163000000.0,310000000.0,6497000000,2432000000.0,,241000000.0,9030000000.0,5000000.0,-1132000000.0,1285000000.0,557000000.0,-762000000.0,479000000.0,2012000000.0,-1431000000.0,-2078000000.0,1218000000,-2000000.0,300000000.0,10591000000,15758000000,5232000000.0,1194000000,7841000000.0,390000000.0,2599000000.0,1495000000.0,,1194000000,,46000000.0,1690000000.0,13159000000.0,50000000.0,5167000000,2095000000.0,453000000.0,,,,,
2017-12-31,39000000.0,1871000000.0,-0.59,1629000000.0,5000000.0,384000000.0,3983000000.0,45000000.0,319000000.0,4217000000.0,-0.59,597000000.0,-60000000.0,2578000000,7309000000.0,7073000000.0,7009000000.0,-258000000.0,587000000.0,1901000000.0,-137000000.0,475000000.0,-199000000.0,2119000000,-1158000000.0,-1802000000.0,576000000.0,-545000000.0,-135000000.0,-633000000.0,12000000.0,5951000000.0,7309000000.0,30000000.0,1033000000.0,255000000.0,410000000.0,6873000000,2656000000.0,,277000000.0,16074000000.0,-152000000.0,-1304000000.0,1494000000.0,335000000.0,-585000000.0,576000000.0,2098000000.0,-545000000.0,-1895000000.0,-313000000,1000000.0,7309000000.0,17945000000,22555000000,4632000000.0,-337000000,14755000000.0,300000000.0,9991000000.0,1838000000.0,,-337000000,,16000000.0,1768000000.0,12564000000.0,85000000.0,4610000000,2240000000.0,176000000.0,,,,,
2018-12-31,80000000.0,3997000000.0,0.86,2576000000.0,7000000.0,498000000.0,12743000000.0,,1811000000.0,6618000000.0,0.86,800000000.0,-8565000000.0,6437000000,986000000.0,13006000000.0,-6323000000.0,-84000000.0,1040000000.0,1993000000.0,1022000000.0,729000000.0,-131000000.0,2600000000,-2266000000.0,-849000000.0,688000000.0,-63000000.0,-147000000.0,-8593000000.0,,-283000000.0,986000000.0,1860000000.0,1563000000.0,249000000.0,313000000.0,10553000000,3935000000.0,,325000000.0,18451000000.0,-88000000.0,-1193000000.0,2429000000.0,935000000.0,-785000000.0,835000000.0,4018000000.0,0.0,-2935000000.0,681000000,74000000.0,986000000.0,22448000000,32550000000,5254000000.0,594000000,15185000000.0,7309000000.0,4231000000.0,2620000000.0,,594000000,,0.0,2620000000.0,28319000000.0,141000000.0,8386000000,4686000000.0,341000000.0,,,,,
