date,annualGrossPPE,annualOtherCurrentLiabilities,annualNetIncomeCommonStockholders,annualChangeInCashSupplementalAsReported,annualBasicAverageShares,annualInterestExpense,annualOtherNonCurrentLiabilities,annualRepaymentOfDebt,annualBeginningCashPosition,annualCapitalExpenditure,annualSellingGeneralAndAdministration,annualTotalNonCurrentAssets,annualOtherIncomeExpense,annualBasicEPS,annualDilutedAverageShares,annualStockBasedCompensation,annualChangeInInventory,annualCashFlowFromContinuingFinancingActivities,annualNetOtherFinancingCharges,annualCurrentDebt,annualOperatingExpense,annualCapitalStock,annualPurchaseOfBusiness,annualNetIncomeContinuousOperations,annualCostOfRevenue,annualTotalRevenue,annualDeferredIncomeTax,annualGrossProfit,annualNonCurrentDeferredTaxesLiabilities,annualInventory,annualChangesInAccountReceivables,annualAccumulatedDepreciation,annualChangeInWorkingCapital,annualDilutedEPS,annualNetOtherInvestingChanges,annualGoodwill,annualTotalAssets,annualNetIncome,annualTotalLiabilitiesNetMinorityInterest,annualCashDividendsPaid,annualRetainedEarnings,annualAccountsReceivable,annualPurchaseOfInvestment,annualGainsLossesNotAffectingRetainedEarnings,annualAccountsPayable,annualOperatingIncome,annualInvestingCashFlow,annualFreeCashFlow,annualPretaxIncome,annualEndCashPosition,annualNonCurrentDeferredRevenue,annualLongTermDebt,annualOtherNonCashItems,annualOtherCurrentAssets,annualDepreciationAndAmortization,annualCurrentLiabilities,annualCurrentAccruedExpenses,annualCashAndCashEquivalents,annualStockholdersEquity,annualTaxProvision,annualInvestmentsAndAdvances,annualOperatingCashFlow,annualChangeInAccountPayable,annualTotalNonCurrentLiabilitiesNetMinorityInterest,annualCommonStockIssuance,annualSaleOfInvestment,annualCashCashEquivalentsAndMarketableSecurities,annualOtherShortTermInvestments,annualRepurchaseOfCapitalStock,annualCurrentAssets,annualEbitda,annualOtherNonCurrentAssets,annualNetPPE,annualResearchAndDevelopment,annualIncomeTaxPayable,annualCurrentDeferredRevenue,annualOtherIntangibleAssets
1997-12-31,15209100000,-100000,305800000,21000000,157464000,312000000,10793100000,,77300000,-203800000,,17077800000,58300000,1.94,157464000,,-18900000,1022000000,0,772700000,1595400000,143000000,,305800000,486300000,2821400000,-29600000,2335100000,2628500000,237800000,,-5635900000,60900000,1.94,-62300000,,18080800000,305800000,13801200000,-237800000,646600000,503300000,-8900000,-147000000,312700000,739700000,-1857500000,652600000,489600000,98200000,,6969800000,535800000,163700000,,1808800000,723500000,98200000,4279600000,183800000,,856400000,,,1558200000,,98200000,,-5000000,1003000000,1275500000,4931300000,9573200000,,,,
1998-12-31,15255400000,1130900000,410900000,-20400000,226373000,608600000,10190400000,,98200000,-652900000,,16996400000,7600000,1.82,226373000,,-14200000,-392900000,116500000,1130900000,3513500000,143700000,,441400000,983700000,5861200000,-5900000,4877500000,2569100000,256000000,,-6012800000,-101600000,1.82,-82200000,,18063500000,410900000,13494300000,-339100000,718400000,561400000,-47800000,-139000000,305300000,1364000000,-782900000,502400000,763100000,77800000,,6352400000,791700000,171900000,,2183000000,746800000,77800000,4569200000,321700000,,1155300000,,,204200000,,77800000,,-21400000,1067100000,2186300000,5115800000,9242600000,,,,
1999-12-31,15012500000,1180300000,568300000,34000000,227227000,585700000,10109100000,,77800000,-624900000,,16922300000,13400000,2.5,227360406,,19600000,-842600000,0,1180300000,3907300000,143200000,,568300000,877000000,6319700000,-45100000,5442700000,2500400000,254000000,,-5919200000,-47500000,2.5,-28000000,,18224000000,568300000,13540100000,-341500000,945200000,767900000,,-127000000,360400000,1535400000,-611700000,863400000,963100000,111800000,,6001300000,1032300000,168000000,,2377400000,836700000,111800000,4683900000,394800000,,1488300000,,,,41200000,111800000,,-182300000,1301700000,2567600000,5246100000,9093300000,,,,
2000-12-31,12838559000,1236247000,598970000,-62530000,222444000,556194000,9643858000,,111788000,-587618000,,16500000000,27059000,2.69,222444000,,-29653000,-879992000,0,1236247000,4722762000,142453000,,598970000,801292000,7028961000,-79429000,6227669000,2335112000,283718000,,-5263483000,-16362000,2.69,-120195000,,17941294000,598970000,13168168000,-334220000,1209991000,918449000,,-111139000,478661000,1504907000,-690364000,920208000,975772000,49258000,,5742048000,,189869000,,2593805000,878897000,49258000,4773126000,376802000,,1507826000,,,,17449000,49258000,,-233466000,1441294000,2540286000,6482564000,7575076000,,,,
2001-12-31,20589451000,2481955000,646447000,170920000,229512000,483658000,23947875000,,49258000,-852449000,,34848993000,-8499000,2.82,230430000,,-50052000,1963911000,0,2481955000,4072684000,29764000,,654946000,2241556000,7999362000,31625000,5757806000,2944751000,397518000,,-8161022000,-332089000,2.81,-209008000,,37351513000,646447000,29952914000,-334633000,1521805000,1548214000,,-266230000,704184000,1685122000,-3074675000,429235000,1129403000,220178000,,11433313000,,336610000,,4669457000,1483318000,220178000,7398599000,474457000,,1281684000,,,96739000,,220178000,,-100774000,2502520000,2660923000,15961373000,12428429000,,,,
2002-12-31,21231240000,2795639000,629280000,-23877000,293194000,946306000,20290955000,,220178000,-997723000,,31127175000,-57121000,2.15,294421000,,-29557000,-1123469000,0,2795639000,5704088000,29764000,,686401000,4265726000,12151997000,91032000,7886271000,2603755000,427075000,,-8551427000,321663000,2.14,26994000,,33580773000,629280000,26460724000,-439628000,1711457000,1626592000,,-741513000,918268000,2182183000,-815695000,917564000,1235877000,196301000,,10872216000,,203630000,,5170500000,1456593000,196301000,7120049000,549476000,,1915287000,,,,,196301000,,-522223000,2453598000,3352001000,11648633000,12679813000,,,,
2003-12-31,22373000000,2276000000,423000000,-82000000,303582000,812000000,19813000000,,196000000,-856000000,,30667000000,2000000,1.39,304972000,,5000000,-1323000000,0,2276000000,5513000000,33000000,,422000000,5155000000,12307000000,80000000,7152000000,2178000000,421000000,,-9105000000,121000000,1.39,65000000,,32910000000,423000000,24621000000,-453000000,1604000000,1506000000,,-411000000,725000000,1639000000,-712000000,1096000000,828000000,114000000,,9789000000,,202000000,,4472000000,1471000000,114000000,8289000000,406000000,,1952000000,,,934000000,,114000000,,-127000000,2243000000,2970000000,10576000000,13268000000,,,,
2004-12-31,22892000000,1111000000,878000000,-61000000,327387000,667000000,18835000000,,114000000,-846000000,,29056000000,5000000,2.68,328982000,,-37000000,-1457000000,-2000000,1111000000,5773000000,33000000,,874000000,4469000000,12453000000,258000000,7984000000,2324000000,458000000,,-9414000000,8000000,2.67,-127000000,,31068000000,878000000,22479000000,-491000000,1857000000,1356000000,,-356000000,611000000,2211000000,-481000000,1031000000,1545000000,53000000,,10013000000,1000000,145000000,,3308000000,1586000000,53000000,8589000000,671000000,,1877000000,,,,278000000,53000000,,-2000000,2012000000,4044000000,8807000000,13478000000,,,,
2005-12-31,23790000000,2774000000,861000000,11000000,328000000,657000000,17016000000,,53000000,-1208000000,,29524000000,218000000,2.62,330000000,,-60000000,-876000000,-18000000,2774000000,5912000000,33000000,,873000000,4011000000,11989000000,154000000,7978000000,2726000000,518000000,,-9792000000,301000000,2.61,-186000000,,31841000000,861000000,22653000000,-546000000,2159000000,1498000000,,-47000000,727000000,2066000000,-1333000000,1012000000,1627000000,64000000,,8155000000,,237000000,,5453000000,1952000000,64000000,9188000000,754000000,,2220000000,,,,,64000000,,-170000000,2317000000,4026000000,8916000000,13998000000,,,,
2006-12-31,24722000000,2975000000,1254000000,26000000,324000000,702000000,,,64000000,-1315000000,,29113000000,649000000,3.84,327000000,,-25000000,-804000000,-14000000,2975000000,5142000000,32000000,,1258000000,4253000000,11501000000,159000000,7248000000,2740000000,577000000,,-10055000000,-72000000,3.81,-77000000,,31196000000,1254000000,22161000000,-586000000,2806000000,1267000000,,-269000000,726000000,2106000000,-1109000000,624000000,2053000000,90000000,,8535000000,-827000000,149000000,,5255000000,1554000000,90000000,9035000000,795000000,,1939000000,,,,121000000,90000000,,-793000000,2083000000,3653000000,8548000000,14667000000,,,,
2007-12-31,25731000000,2917000000,1309000000,39000000,306000000,743000000,,,90000000,-1633000000,,29838000000,644000000,4.27,310000000,,79000000,-1342000000,19000000,2917000000,5497000000,31000000,,1309000000,5014000000,12802000000,-9000000,7788000000,2671000000,521000000,,-10348000000,67000000,4.22,1381000000,,32068000000,1309000000,23091000000,-616000000,3487000000,1256000000,-1397000000,-50000000,777000000,2291000000,-313000000,61000000,2192000000,129000000,,8869000000,-1349000000,324000000,,5148000000,1454000000,129000000,8977000000,883000000,,1694000000,,,,1294000000,129000000,,-969000000,2230000000,4049000000,8848000000,15383000000,,,,
2008-12-31,28544000000,4873000000,1342000000,416000000,304000000,702000000,,,129000000,-2888000000,,30468000000,375000000,4.41,307000000,,-52000000,1180000000,24000000,4873000000,5550000000,31000000,,1342000000,5631000000,13627000000,366000000,7996000000,2163000000,605000000,,-10821000000,-357000000,4.38,-74000000,,33521000000,1342000000,25238000000,-671000000,4159000000,1304000000,-1749000000,-1380000000,794000000,2446000000,-2983000000,-669000000,2119000000,545000000,,9100000000,-606000000,599000000,,7098000000,1431000000,545000000,8283000000,777000000,,2219000000,,,,1656000000,545000000,,,3053000000,4176000000,7170000000,17723000000,,,,
2009-12-31,30561000000,1444000000,1006000000,329000000,304000000,978000000,8551000000,-3856000000,545000000,-2203000000,,30984000000,340000000,3.31,306000000,20000000,-11000000,49000000,49000000,3015000000,5341000000,31000000,,990000000,5883000000,12967000000,384000000,7084000000,2468000000,647000000,,-11397000000,7000000,3.29,-2185000000,5575000000,34304000000,1006000000,25747000000,-670000000,4495000000,1244000000,-2306000000,-1415000000,829000000,1743000000,-2185000000,2465000000,1235000000,874000000,993000000,11908000000,-16000000,1049000000,1755000000,5288000000,,874000000,8557000000,245000000,3023000000,2465000000,50000000,20459000000,,2229000000,874000000,,,3320000000,4104000000,3222000000,19164000000,,,,
2010-12-31,30968000000,999000000,784000000,145000000,304000000,845000000,1902000000,-1393000000,874000000,-1963000000,2850000000,31107000000,-267000000,2.58,305000000,-1000000,2000000,-983000000,-19000000,2186000000,5094000000,31000000,-113000000,760000000,6056000000,13339000000,470000000,7283000000,2879000000,638000000,,-11180000000,77000000,2.57,109000000,5575000000,34805000000,784000000,26292000000,-670000000,4609000000,1392000000,-3219000000,-1539000000,872000000,2189000000,-1948000000,1113000000,1242000000,1019000000,959000000,12579000000,-449000000,274000000,746000000,4698000000,315000000,1019000000,8545000000,482000000,3002000000,3076000000,43000000,21594000000,,3238000000,1019000000,,,3698000000,2833000000,0,19788000000,,,,
2011-12-31,42176000000,1118000000,885000000,-817000000,399000000,1008000000,2541000000,-2609000000,1019000000,-2278000000,3909000000,43971000000,-237000000,2.22,401000000,-10000000,14000000,-2924000000,-38000000,1621000000,6337000000,42000000,-3000000,869000000,7303000000,16258000000,798000000,8955000000,5670000000,811000000,,-11839000000,319000000,2.21,777000000,6441000000,47326000000,885000000,34027000000,-881000000,3047000000,1525000000,-4309000000,426000000,1174000000,2618000000,-956000000,785000000,1443000000,202000000,925000000,15716000000,-366000000,122000000,1121000000,4855000000,384000000,202000000,13280000000,574000000,3522000000,3063000000,35000000,29172000000,,4267000000,202000000,0,,3355000000,3572000000,0,30337000000,,,,
2012-12-31,45503000000,1164000000,770000000,-30000000,418000000,929000000,1836000000,-940000000,202000000,-2964000000,609000000,46638000000,452000000,1.85,419000000,,-50000000,807000000,-52000000,3968000000,6794000000,42000000,,771000000,6708000000,15303000000,647000000,8595000000,6616000000,861000000,-13000000,-12600000000,-49000000,1.84,-255000000,6447000000,50406000000,770000000,37313000000,-920000000,2888000000,893000000,-3020000000,385000000,1599000000,1801000000,-3157000000,-644000000,1324000000,172000000,1398000000,15179000000,-416000000,176000000,1334000000,7605000000,331000000,172000000,13084000000,553000000,3194000000,2320000000,71000000,29708000000,,3082000000,172000000,,,3768000000,3587000000,1719000000,32903000000,,,,
2013-12-31,46532000000,1568000000,392000000,46000000,418000000,941000000,14261000000,-3710000000,172000000,-2888000000,256000000,46537000000,-891000000,0.94,419000000,,96000000,477000000,-73000000,4819000000,6056000000,42000000,,375000000,6459000000,14917000000,243000000,8458000000,6968000000,752000000,-114000000,-13280000000,3000000,0.94,-133000000,6418000000,50424000000,392000000,37729000000,-920000000,2590000000,1918000000,-2096000000,284000000,1250000000,2402000000,-3093000000,2662000000,570000000,218000000,1148000000,15831000000,-297000000,1751000000,1950000000,7637000000,351000000,218000000,12695000000,195000000,3104000000,2662000000,-25000000,30092000000,,2024000000,218000000,0,,3887000000,3461000000,235000000,33252000000,,,,
2014-12-31,49933000000,860000000,299000000,-133000000,420000000,955000000,1590000000,-1759000000,218000000,-3545000000,835000000,48290000000,64000000,0.71,421000000,,-65000000,513000000,-47000000,2603000000,6991000000,42000000,,213000000,6996000000,15049000000,162000000,8053000000,7057000000,817000000,139000000,-14150000000,32000000,0.71,254000000,6418000000,52166000000,299000000,39744000000,-604000000,2285000000,914000000,-2236000000,246000000,1279000000,1062000000,-3359000000,-832000000,171000000,85000000,1041000000,19176000000,-25000000,390000000,1500000000,5561000000,329000000,85000000,12420000000,-42000000,3222000000,2713000000,42000000,34183000000,,2168000000,85000000,0,,3876000000,2626000000,1456000000,35783000000,,,,
2015-12-31,52374000000,800000000,578000000,46000000,422000000,1015000000,14971000000,-879000000,85000000,-2894000000,242000000,49147000000,-426000000,1.37,424000000,,-15000000,-279000000,-13000000,2874000000,6519000000,42000000,,578000000,6173000000,15026000000,284000000,8853000000,6773000000,785000000,184000000,-15160000000,393000000,1.37,-121000000,6418000000,52187000000,578000000,39765000000,-607000000,2256000000,1595000000,-1648000000,171000000,2728000000,2334000000,-3122000000,3447000000,893000000,131000000,988000000,19192000000,-133000000,1314000000,1836000000,5602000000,334000000,131000000,12422000000,315000000,2788000000,3447000000,-243000000,34163000000,,1541000000,131000000,0,,3040000000,3744000000,1379000000,37214000000,,,,
2016-12-31,45118000000,780000000,-6177000000,68000000,426000000,1054000000,11589000000,-2331000000,131000000,-3067000000,147000000,40198000000,-10581000000,-14.49,426000000,,41000000,-22000000,-31000000,4360000000,6680000000,44000000,,-6177000000,5479000000,14562000000,-3063000000,9083000000,3765000000,564000000,-11000000,-15731000000,187000000,-14.49,-103000000,5618000000,43148000000,-6177000000,36907000000,-611000000,-4532000000,1615000000,-1789000000,174000000,2766000000,2403000000,-3281000000,3371000000,-9232000000,199000000,919000000,18192000000,-47000000,1136000000,1997000000,7126000000,363000000,199000000,6241000000,-3055000000,3026000000,3371000000,-37000000,29781000000,,1678000000,199000000,0,,2950000000,-6181000000,1153000000,29387000000,,,,
2017-12-31,40804000000,761000000,-1724000000,390000000,444000000,1099000000,1718000000,-2291000000,199000000,-2841000000,141000000,39149000000,-2308000000,-3.88,444000000,,-6000000,-702000000,-72000000,1382000000,6862000000,44000000,,-1724000000,4577000000,14017000000,839000000,9440000000,1359000000,463000000,-39000000,-11925000000,68000000,-3.88,223000000,5618000000,42257000000,-1724000000,38332000000,-639000000,-6262000000,1654000000,-2268000000,142000000,1027000000,2578000000,-2716000000,967000000,-829000000,589000000,853000000,21115000000,318000000,365000000,1700000000,4077000000,336000000,589000000,3925000000,895000000,3184000000,3808000000,72000000,34255000000,,2170000000,589000000,0,,3108000000,270000000,1428000000,28879000000,,,,
2018-12-31,40704000000,1065000000,981000000,-214000000,492000000,1051000000,10864000000,-2697000000,643000000,-2675000000,144000000,37696000000,205000000,1.99,494000000,,24000000,1394000000,-27000000,1753000000,5256000000,122000000,,1022000000,3647000000,11261000000,485000000,7614000000,2502000000,252000000,-248000000,-10793000000,-157000000,1.99,-289000000,5618000000,40063000000,1348000000,33249000000,-772000000,-4879000000,1511000000,-963000000,41000000,2881000000,2358000000,-3018000000,1410000000,1512000000,429000000,89000000,17751000000,42000000,427000000,1384000000,4634000000,,367000000,6814000000,490000000,1299000000,1410000000,109000000,28615000000,850000000,909000000,367000000,,,2367000000,3947000000,25000000,29911000000,,,,
2019-12-31,43077000000,1425000000,908000000,250000000,,962000000,1667000000,-789000000,429000000,-2665000000,674000000,39857000000,243000000,,,,-37000000,656000000,-35000000,1380000000,5775000000,54000000,,904000000,3424000000,11035000000,252000000,7611000000,2849000000,281000000,,-11427000000,132000000,,-170000000,5618000000,42301000000,912000000,35326000000,-820000000,-3967000000,564000000,-1675000000,20000000,918000000,1836000000,-2873000000,-198000000,1117000000,679000000,49000000,19618000000,-55000000,,1217000000,4862000000,249000000,627000000,6975000000,213000000,569000000,2467000000,-49000000,30464000000,0,1637000000,,,,2444000000,3296000000,1841000000,31650000000,,,,80000000