date,annualDilutedAverageShares,annualChangesInAccountReceivables,annualChangeInCashSupplementalAsReported,annualCurrentAssets,annualBeginningCashPosition,annualGrossPPE,annualDeferredIncomeTax,annualNetIncomeCommonStockholders,annualOtherNonCurrentLiabilities,annualInterestExpense,annualSellingGeneralAndAdministration,annualDilutedEPS,annualRepaymentOfDebt,annualOtherIncomeExpense,annualTotalNonCurrentAssets,annualCapitalExpenditure,annualCurrentAccruedExpenses,annualOtherCurrentLiabilities,annualCashFlowFromContinuingFinancingActivities,annualCurrentDebt,annualBasicAverageShares,annualOtherCurrentAssets,annualTotalRevenue,annualCurrentDeferredRevenue,annualCostOfRevenue,annualCapitalStock,annualFreeCashFlow,annualStockBasedCompensation,annualNetOtherFinancingCharges,annualTotalLiabilitiesNetMinorityInterest,annualAccumulatedDepreciation,annualGrossProfit,annualChangeInWorkingCapital,annualOperatingExpense,annualPurchaseOfBusiness,annualNetIncomeContinuousOperations,annualNonCurrentDeferredTaxesLiabilities,annualNetIncome,annualCashDividendsPaid,annualRetainedEarnings,annualLongTermDebt,annualAccountsReceivable,annualPurchaseOfInvestment,annualGoodwill,annualPretaxIncome,annualSaleOfInvestment,annualOtherNonCashItems,annualDepreciationAndAmortization,annualInvestingCashFlow,annualOperatingIncome,annualStockholdersEquity,annualTotalAssets,annualTaxProvision,annualEndCashPosition,annualChangeInAccountPayable,annualAccountsPayable,annualOperatingCashFlow,annualCurrentLiabilities,annualTotalNonCurrentLiabilitiesNetMinorityInterest,annualOtherIntangibleAssets,annualCommonStockIssuance,annualRepurchaseOfCapitalStock,annualEbitda,annualOtherNonCurrentAssets,annualNetPPE,annualGainsLossesNotAffectingRetainedEarnings,annualCashAndCashEquivalents,annualNetOtherInvestingChanges,annualBasicEPS,annualCashCashEquivalentsAndMarketableSecurities,annualIncomeTaxPayable,annualInventory,annualResearchAndDevelopment,annualNonCurrentDeferredRevenue,annualOtherShortTermInvestments,annualChangeInInventory,annualInvestmentsAndAdvances
1995-10-31,50952381,,-2100000,19800000,8000000,168400000,-3300000,10700000,700000,15800000,27100000,0.21,,-2300000,114100000,-14000000,,12200000,-9400000,3500000,50952381,2500000,101900000,,34400000,,11100000,,0,162100000,-77500000,67500000,700000,41200000,,10700000,700000,10700000,-500000,-28200000,142600000,,,,8300000,,100000,14100000,-17800000,26300000,-28200000,133900000,-2400000,0,,2400000,25100000,18100000,144000000,13400000,,-1000000,40400000,9800000,90900000,,5900000,-4500000,0.21,5900000,,,,,,,
1996-10-31,41600000,,2500000,25500000,5900000,207000000,2300000,10400000,1400000,15400000,29500000,0.25,,-300000,147700000,-25900000,,16800000,18200000,3800000,41600000,3600000,119900000,,41200000,3600000,6600000,,0,154200000,-87300000,78700000,2100000,45000000,,10800000,800000,10800000,-700000,-24700000,128100000,,,,17900000,,200000,15500000,-48100000,33700000,19000000,173200000,7100000,0,,3300000,32500000,23900000,130300000,18200000,63100000,-8000000,49200000,9800000,119700000,,8400000,-23000000,0.25,8400000,,,,,,,
1996-12-31,45000000,,-4100000,25400000,5900000,207000000,600000,900000,2200000,3800000,7700000,0.02,,0,147800000,-5000000,,16800000,10300000,3800000,45000000,10100000,27400000,,10800000,3600000,-8300000,,0,154200000,-87300000,16600000,-8800000,11100000,,1000000,,1000000,-200000,-24700000,128100000,,,,1700000,,100000,3400000,-11100000,5500000,19000000,173200000,700000,0,,3300000,-3300000,23900000,130300000,18200000,,,8900000,9900000,119700000,,1800000,-6200000,0.02,1800000,,,,,,,
1997-12-31,48000000,,-73800000,49400000,81000000,429600000,-2800000,2400000,3000000,38200000,45400000,0.05,,2000000,601900000,-36700000,,22400000,250700000,5100000,48000000,10300000,200500000,,63400000,3600000,9100000,,100000,582600000,-113500000,137100000,-4300000,93400000,,2800000,14700000,2800000,-400000,-30300000,534100000,,,,7500000,,,48000000,-370200000,43700000,68700000,651300000,4700000,0,,3300000,45800000,30800000,551800000,278900000,2400000,,91700000,6900000,316100000,,7200000,-386800000,0.05,7200000,,,,,,,
1998-12-31,51250000,,121400000,183100000,7200000,661400000,-7500000,-12300000,4700000,60000000,60900000,-0.24,,1700000,1230300000,-55200000,,35400000,584100000,49100000,51250000,14100000,288600000,,92800000,3600000,17300000,,-3000000,946600000,-154000000,195800000,1600000,149500000,,-11900000,25600000,-11900000,-400000,-42600000,827500000,,,,-12100000,,,88600000,-535200000,46300000,466800000,1413400000,-200000,0,,4300000,72500000,88800000,857800000,705900000,402600000,,134900000,17000000,507400000,,128600000,-485500000,-0.24,128600000,,,,,,,
1999-12-31,69230769,,-120200000,125500000,128600000,1412600000,-13600000,-45000000,6800000,89600000,94400000,-0.65,,6900000,3081400000,-77200000,,68900000,719900000,4300000,69230769,35900000,444100000,,143100000,100000,33400000,,-13000000,1815400000,-218900000,301000000,-7800000,271500000,,-43600000,112400000,-44600000,-400000,-87500000,1611500000,,,,-53200000,,,177100000,-950700000,29500000,1391500000,3206900000,-9600000,8400000,,11500000,110600000,84700000,1730700000,1874200000,7400000,,206600000,13500000,1193700000,,8400000,-881100000,-0.65,8400000,,,,,,,
2000-12-31,91164884,,63939000,195916000,8401000,4854866000,-36974000,-94470000,7939000,147607000,138072000,-1.04,,986000,3441857000,-78304000,,51729000,321933000,66814000,91164884,31902000,687319000,,217465000,97000,99297000,,-1470000,1948318000,-3559991000,469854000,-14421000,456168000,,-94105000,140452000,-94105000,-365000,-181945000,1671466000,,,,-131220000,,,318096000,-435595000,13686000,1689455000,3637773000,-37115000,72340000,,9918000,177601000,128461000,1819857000,2129733000,205098000,,331782000,17249000,1294875000,,72340000,-360118000,-1.04,72340000,,,,,,,
2001-12-31,98566949,,-59455000,143215000,72340000,1777399000,-46387000,-108999000,7724000,126861000,151048000,-1.11,,923000,3522492000,-85320000,33674000,0,132384000,66559000,98566949,8019000,729050000,11618000,251483000,100000,105312000,,-573000,1993486000,-451686000,477567000,-16747000,505654000,,-108634000,118837000,-108634000,-365000,-290944000,1745026000,95135000,,,-154305000,,,355529000,-382471000,-28087000,1672221000,3665707000,-45674000,12885000,,10048000,190632000,121899000,1871587000,2179475000,60368000,,327442000,17304000,1325713000,,12885000,-302067000,-1.11,12885000,,,,,,,
2002-12-31,101089215,,2725000,418483000,12885000,1850657000,-15584000,-36693000,7366000,107272000,441954000,-0.362976,,-5514000,3469623000,-78390000,38881000,0,-78529000,259687000,101089215,7315000,775682000,13942000,,101000,158627000,,-1183000,2178933000,-566889000,775682000,-88000,719511000,,-36328000,114260000,-36328000,-365000,-327637000,1734746000,92382000,,,-56022000,,,277893000,-155763000,56171000,1709173000,3888106000,-19694000,15610000,,10051000,237017000,322561000,1856372000,2167381000,13976000,,334064000,18474000,1283768000,,282267000,-80785000,-0.36,282267000,,,,,,,
2003-12-31,102686780,,-7813000,144117000,15610000,1933003000,-20601000,-47216000,45966000,87750000,171520000,-0.46,,-32896000,3493230000,-78275000,45986000,0,-57847000,5044000,102686780,7325000,810139000,14372000,292017000,103000,181800000,,256758000,1914542000,-679205000,518122000,-7920000,453045000,,-35172000,94542000,-46851000,-365000,-374853000,1699819000,90567000,-137595000,,-55815000,,,282273000,-210041000,65077000,1722805000,3637347000,-20643000,7797000,,8813000,260075000,74215000,1840327000,2207273000,8798000,,347350000,32159000,1253798000,,7797000,0,-0.46,7797000,,,,,,,
2004-12-31,104571483,,36404000,182580000,7797000,2077379000,7748000,12790000,141357000,76079000,188320000,0.12,,1067000,3506892000,-82031000,50513000,0,-23013000,72510000,104041030,8231000,883510000,14669000,302157000,105000,241133000,,-1526000,1953125000,-807735000,581353000,-3830000,481309000,,13155000,76240000,13155000,-365000,-395207000,1587424000,87962000,,,24460000,,,299386000,-263747000,100044000,1736347000,3689472000,11305000,44201000,,10412000,323164000,148104000,1805021000,2185479000,23806000,,399430000,51769000,1269644000,,44201000,0,0.12,44201000,,,,,,,
2005-12-31,106089757,,-24782000,187275000,44201000,2191443000,23852000,41414000,144904000,90671000,212727000,0.39,,-2863000,3549804000,-121117000,61996000,0,-104069000,2788000,105605873,10232000,1021656000,14945000,353139000,106000,226140000,,-5315000,1919597000,-902138000,668517000,-20458000,501697000,,41779000,107696000,41779000,-365000,-353793000,1573538000,114733000,,,73678000,,,292547000,-267970000,166820000,1817482000,3737079000,31899000,19419000,,13730000,347257000,93459000,1826138000,2191993000,18672000,-25522000,459367000,68506000,1289305000,,19419000,-7175000,0.39,19419000,,,,,,,
2006-12-31,103495522,,-7623000,230770000,19419000,2432977000,6364000,43534000,152877000,112955000,248937000,0.42,,10862000,3693458000,-223350000,69940000,0,66973000,8648000,102720744,18983000,1120091000,17824000,390561000,107000,141167000,,-4328000,2385695000,-1027029000,729530000,-5555000,539760000,,43899000,140019000,43899000,-365000,-315072000,1981820000,127552000,,1357706000,78126000,,24193000,306478000,-438896000,189770000,1538533000,3924228000,34227000,11796000,,14567000,364517000,110979000,2274716000,860850000,35236000,-373949000,496248000,68954000,1405948000,2253000,11796000,-1331000,0.42,11796000,,,,,,,
2007-12-31,97553907,,64252000,300525000,11796000,2686116000,6131000,45852000,162972000,162447000,270390000,0.47,,19362000,3768896000,-220534000,75670000,0,39277000,31742000,96779009,29004000,1209555000,18315000,408397000,108000,133935000,,-1062000,3138414000,-1169152000,801158000,-24637000,573355000,,46217000,136118000,46217000,-318668000,-587523000,2694028000,134959000,,1376240000,83402000,,34654000,311466000,-341081000,227803000,931007000,4069421000,37185000,76048000,,19569000,354469000,145296000,2993118000,802953000,14208000,-390503000,539269000,72739000,1516964000,9286000,76048000,9420000,0.47,76048000,,,,,,,
2008-12-31,92306840,,-61909000,260983000,76048000,2900970000,24675000,9723000,15354000,159158000,199420000,0.1,-29412000,1814000,3856042000,-198070000,72407000,0,30002000,58751000,92125660,38475000,1198419000,30612000,485752000,108000,148450000,,141987000,3256774000,-1305937000,712667000,-38668000,532716000,-249951000,9723000,126212000,9723000,-365000,-578165000,2777607000,,,1416396000,23809000,,23370000,331654000,-437419000,179951000,860251000,4117025000,14086000,14139000,-4452000,15108000,346520000,176878000,3079896000,773764000,11182000,-93390000,514621000,46477000,1595033000,-2039000,14139000,267000,0.1,14139000,,,,,,,
2009-12-31,91730109,,98114000,367936000,14139000,2828726000,,-58403000,18016000,197047000,216961000,-0.64,,4765000,3575605000,-38815000,95616000,0,-168349000,121282000,91730109,59054000,1056065000,36131000,397725000,109000,254928000,,-172780000,3111743000,-1421815000,658340000,798000,560724000,-4457000,-58038000,116130000,-58038000,-365000,-651317000,2553630000,,,1424283000,-94139000,,5005000,336725000,-29039000,97616000,831798000,3943541000,-36101000,112253000,-4383000,10678000,293743000,263707000,2848036000,670501000,4840000,-44000,439633000,41297000,1406911000,5248000,112253000,14233000,-0.64,112253000,,,,,,,
2010-12-31,92261157,,-20574000,309409000,112253000,2796935000,,-40467000,12505000,186048000,246513000,-0.44,-679956000,-17398000,3339552000,-43452000,96542000,0,-302429000,5694000,92261157,27277000,1092291000,38136000,398467000,109000,279368000,,-35999000,2830438000,-1539484000,693824000,18800000,554316000,-6703000,-40102000,87234000,-40102000,-365000,-691784000,2403446000,,,1426135000,-63571000,8435000,1987000,312703000,-41480000,139508000,818523000,3648961000,-23469000,91679000,2460000,13208000,322820000,153580000,2676858000,569723000,10160000,-1629000,435180000,43073000,1257451000,6110000,91679000,240000,-0.44,91679000,,,,,,,
2011-12-31,93173785,,-58176000,95281000,91679000,2860592000,3702000,8185000,12814000,171093000,248970000,0.09,-261053000,-677000,3332072000,-107070000,94654000,0,-259442000,17310000,92851067,61778000,1133487000,36717000,409052000,110000,211751000,,0,2588355000,-1666975000,724435000,-20957000,538061000,-23497000,8550000,92317000,8550000,-365000,-683599000,2141218000,154936000,,1426848000,15173000,,20200000,299639000,-117255000,186374000,838998000,3427353000,6623000,33503000,-489000,12663000,318821000,161344000,2427011000,476880000,5457000,-3481000,485905000,38974000,1193617000,5326000,33503000,166000,0.09,33503000,,,,,,,
2012-12-31,93666641,-13783000,25408000,301235000,33503000,2940449000,7550000,9456000,16388000,157093000,264406000,0.1,-1187294000,-27815000,3212795000,-105570000,99461000,10082000,-47417000,33134000,93379246,30546000,1182901000,51323000,418538000,111000,375909000,14466000,-22500000,2639197000,-1760090000,764363000,-3051000,560489000,-206068000,9821000,107973000,9821000,-365000,-674143000,2127720000,159829000,,1485150000,19297000,,17741000,296083000,303399000,203874000,874833000,3514030000,9476000,58911000,-127000,13539000,375909000,197457000,2441740000,468312000,13855000,-1113000,472473000,41187000,1180359000,5978000,58911000,8239000,0.1,58911000,,,,,,,
2013-12-31,94745515,-6663000,-25699000,282058000,58911000,3036456000,18749000,39774000,20471000,146277000,288786000,0.42,-427434000,-10541000,3119560000,-105650000,98924000,0,-227195000,55935000,94387230,34679000,1245842000,77153000,436844000,112000,394705000,24936000,-89000,2468672000,-1914527000,808998000,-20940000,589365000,-92248000,40139000,119150000,40139000,-365000,-647577000,1882867000,161741000,,1503553000,62980000,,14667000,300579000,-191869000,219633000,932946000,3401618000,22841000,33212000,-89000,13341000,394705000,245353000,2223319000,419385000,20893000,-4200000,509836000,44403000,1121929000,3867000,33212000,6029000,0.42,33212000,,,,,,,
2014-12-31,95284126,-13553000,-7177000,273144000,33212000,3110385000,-122137000,253153000,23414000,105254000,299878000,2.66,-837502000,-26900000,3045674000,-107573000,108790000,0,-294315000,15625000,95218083,34057000,1287060000,84558000,453269000,96000,344956000,24120000,-18535000,2337352000,-2026745000,833791000,969000,558313000,-65021000,253518000,0,253518000,-238800000,-632859000,1884270000,169610000,,1512768000,143426000,,4777000,258435000,-163997000,275478000,981466000,3318818000,-110092000,26035000,1076000,16368000,452529000,225341000,2112011000,366985000,20615000,-2987000,507115000,37060000,1083640000,2454000,26035000,8597000,2.66,26035000,,,,,,,
2015-12-31,96375130,-9034000,-3708000,281732000,26035000,3139239000,11099000,262205000,22628000,98433000,313941000,2.72,-297468000,8765000,3110046000,-110425000,99907000,0,-224808000,21332000,96321578,39218000,1353396000,87661000,473760000,97000,367225000,25890000,-1130000,2370719000,-2044102000,879636000,-15765000,505374000,-153877000,262570000,2052000,262570000,-265510000,-635799000,1898152000,174398000,,1546594000,284628000,,4682000,191433000,-253880000,374262000,1021059000,3391778000,22058000,22327000,-458000,17452000,477650000,241653000,2129066000,402886000,28399000,-6099000,574494000,37395000,1095137000,-1178000,22327000,10422000,2.72,22327000,,,,,,,
2016-12-31,97693424,-22677000,13203000,315835000,22327000,3294251000,-343000,298444000,25597000,123688000,345789000,3.05,-424118000,11897000,3584631000,-107612000,116737000,0,171908000,33916000,97129614,39973000,1500294000,91322000,525597000,98000,414211000,28560000,-9887000,2830938000,-2111536000,974697000,-10467000,550747000,-585054000,298809000,1861000,298809000,-293965000,-630955000,2315267000,189935000,,1726358000,312165000,,5333000,204958000,-680983000,423950000,1069528000,3900466000,13356000,35530000,-746000,17653000,521823000,277324000,2553614000,637153000,23082000,-6204000,640811000,38405000,1182715000,-624000,35530000,11683000,3.07,35530000,,,,,,,
2017-12-31,98369865,-17524000,79941000,420519000,35530000,3384723000,804000,317311000,29859000,128396000,338573000,3.23,-741493000,4593000,3793826000,-109329000,111257000,0,-28641000,17664000,97930555,52275000,1541260000,92694000,540880000,98000,397687000,9599000,-5634000,3110852000,-2170585000,1000380000,-39456000,549677000,-297305000,317676000,884000,317676000,-244201000,-639106000,2539026000,201699000,,1740454000,326906000,,5120000,211104000,-400066000,450703000,1103493000,4214345000,9230000,115471000,309000,17961000,507016000,325994000,2784858000,796348000,26684000,-8997000,666406000,42886000,1214138000,1302000,115471000,6568000,3.24,115471000,,,,,,,
2018-12-31,99086160,-33292000,-93977000,363669000,115471000,3525725000,1538000,304867000,29531000,129732000,372324000,3.08,-1018118000,-22662000,4180972000,-117638000,103256000,,-73563000,204120000,98817525,25915000,1627222000,107202000,561848000,100000,447208000,29443000,166843000,3412857000,-2230677000,1065374000,-32195000,597585000,-477389000,305232000,20734000,305232000,-443088000,-695337000,2684568000,235576000,,1919386000,315929000,,4920000,225261000,-584148000,467789000,1131784000,4544641000,10697000,21494000,1366000,21246000,564846000,455035000,2957822000,915453000,62662000,-4112000,670922000,51085000,1295048000,12000,21494000,10879000,3.09,21494000,,,,,,,
2019-12-31,100320574,,4694000,310169000,21494000,4981090000,-14130000,371746000,34406000,150616000,403038000,3.71,-668471000,7241000,5630986000,-140956000,83928000,,-264357000,226514000,100130721,29051000,1753644000,127254000,590078000,101000,489909000,29647000,3916000,4760849000,-2311196000,1163566000,-15523000,653066000,-226278000,372111000,5713000,372111000,-385182000,-708408000,2753604000,254930000,,1912274000,367889000,,5365000,250028000,-362034000,510500000,1180306000,5941155000,-4222000,26188000,700000,14974000,630865000,672808000,4088041000,992244000,44262000,-8882000,768533000,56574000,2669894000,685000,26188000,5200000,3.71,,,,,,,,