date,annualBasicEPS,annualPurchaseOfInvestment,annualAccountsReceivable,annualPretaxIncome,annualLongTermDebt,annualTotalAssets,annualNetIncome,annualInvestingCashFlow,annualNetOtherInvestingChanges,annualRetainedEarnings,annualDilutedEPS,annualStockBasedCompensation,annualBasicAverageShares,annualSaleOfInvestment,annualInventory,annualGoodwill,annualChangeInWorkingCapital,annualChangeInAccountPayable,annualCurrentLiabilities,annualOperatingCashFlow,annualCapitalStock,annualOtherIncomeExpense,annualTotalRevenue,annualOperatingIncome,annualEndCashPosition,annualCashCashEquivalentsAndMarketableSecurities,annualCashFlowFromContinuingFinancingActivities,annualDilutedAverageShares,annualGainsLossesNotAffectingRetainedEarnings,annualRepaymentOfDebt,annualCashAndCashEquivalents,annualOtherNonCurrentLiabilities,annualGrossPPE,annualAccountsPayable,annualCurrentAssets,annualInterestExpense,annualChangesInAccountReceivables,annualBeginningCashPosition,annualOperatingExpense,annualOtherCurrentLiabilities,annualChangeInCashSupplementalAsReported,annualCapitalExpenditure,annualNetOtherFinancingCharges,annualRepurchaseOfCapitalStock,annualOtherIntangibleAssets,annualDeferredIncomeTax,annualEbitda,annualOtherNonCurrentAssets,annualNetIncomeCommonStockholders,annualNetPPE,annualAccumulatedDepreciation,annualGrossProfit,annualTotalNonCurrentLiabilitiesNetMinorityInterest,annualCostOfRevenue,annualOtherCurrentAssets,annualCommonStockIssuance,annualFreeCashFlow,annualCurrentDebt,annualTotalLiabilitiesNetMinorityInterest,annualTaxProvision,annualChangeInInventory,annualCurrentDeferredRevenue,annualCurrentAccruedExpenses,annualNetIncomeContinuousOperations,annualOtherNonCashItems,annualPurchaseOfBusiness,annualDepreciationAndAmortization,annualStockholdersEquity,annualTotalNonCurrentAssets,annualSellingGeneralAndAdministration,annualResearchAndDevelopment,annualCashDividendsPaid,annualNonCurrentDeferredRevenue,annualInvestmentsAndAdvances,annualIncomeTaxPayable,annualNonCurrentDeferredTaxesLiabilities,annualOtherShortTermInvestments
2004-12-31,-0.043438,,10806000,,1604331000,3484986000,-8708000,-743281000,2204000,-117348000,-0.043438,,200468080,,18356000,392600000,43155000,-1640000,501413000,146329000,12000,-26048000,1338286000,64792000,172424000,172424000,570235000,203423575,,-505029000,172424000,5734000,2677789000,69875000,276611000,48886000,-7559000,199141000,291957000,231874000,-26717000,-740838000,-14889000,,218538000,,152189000,75190000,-8708000,2515104000,-162685000,356749000,1610065000,981537000,12325000,,-594509000,86198000,2111478000,,23000,,113466000,-8708000,440000,-4647000,87397000,1373508000,3208375000,204560000,,,,,,,
2005-12-31,0.095556,,11691000,,1965983000,4008091000,19156000,-676171000,-19514000,-98192000,0.094168,,200468080,,29133000,400254000,37412000,3128000,636321000,134690000,12000,28096000,1616154000,73263000,60416000,60416000,429473000,203423575,,-280440000,60416000,2631000,3339560000,73003000,203393000,87006000,-885000,172424000,332386000,284990000,-112008000,-656657000,-5783000,,218538000,,177444000,80177000,19156000,3096456000,-243104000,405649000,1968614000,1210505000,12325000,,-521967000,140694000,2604935000,,-10777000,,137634000,19156000,3359000,0,104181000,1403156000,3804698000,228205000,,,,,,,
2006-12-31,-0.652967,,10244000,,2405357000,4629624000,-130899000,-756245000,53158000,-254543000,-0.652967,,200468080,,,400254000,114837000,43944000,767456000,147504000,12000,-38393000,1976309000,40580000,63530000,63530000,611855000,203423575,-1516000,-809740000,63530000,1744000,4216615000,116947000,137636000,136478000,1447000,60416000,368347000,314050000,3114000,-809403000,202038000,,,,159677000,275442000,-130899000,3816292000,-400323000,408927000,2407101000,1567382000,38425000,,-661899000,154638000,3174557000,,-3932000,,181821000,-130899000,1347000,0,119097000,1455067000,4491988000,249250000,,,,,,,
2007-12-31,-1.13216,,8173000,,2977888000,5033698000,-226962000,-581578000,1259000,-481505000,-1.13216,,200468080,,41997000,400254000,19858000,-28232000,815483000,36331000,12000,-97716000,2172815000,44779000,40291000,40291000,522008000,203423575,1301000,-323464000,40291000,4801000,4783989000,88715000,119424000,175409000,2071000,63530000,435096000,332802000,-23239000,-582837000,5547000,,202538000,,192782000,67610000,-226962000,4243872000,-540117000,479875000,2982689000,1692940000,0,,-546506000,191172000,3798172000,,-8605000,,202794000,-226962000,843000,,148003000,1235526000,4914274000,287093000,,,,,,,
2008-12-31,-1.056542,,6047000,,2474014000,5047141000,-211803000,-166236000,-2629000,-693308000,-1.056542,865000,200468080,,29494000,,-100534000,-18303000,991808000,-23297000,24000,-127763000,2106401000,65528000,185717000,185717000,334959000,203423575,137000,-1524095000,185717000,31520000,4814188000,70412000,249722000,152364000,2126000,40291000,462392000,250638000,145426000,-163607000,736054000,,,,228093000,75405000,-211803000,4119222000,-694966000,527920000,2505534000,1578481000,0,,-186904000,182487000,3497342000,,12503000,,278213000,-211803000,108299000,,162565000,1549799000,4797419000,299827000,,,,,,,
2009-12-31,0.33538,,7868000,,2554105000,4811348000,67233000,-166573000,-4735000,-626075000,0.330507,4075000,200468080,,28865000,,-184216000,-42036000,494038000,50726000,25000,10373000,1855204000,171374000,50152000,50152000,-19718000,203423575,2299000,-1249064000,50152000,58654000,4557963000,28376000,151562000,115350000,-532000,185717000,394376000,255432000,-135565000,-161838000,108325000,,,,341075000,220867000,67233000,3836127000,-721836000,565750000,2612759000,1289454000,0,,-111112000,3586000,3106797000,,629000,,206419000,67233000,-28744000,,169701000,1704551000,4659786000,241676000,,,,,,,
2010-12-31,0.112821,,7879000,,3125848000,5563513000,22617000,-968940000,8526000,-603458000,0.111182,2520000,200468080,,32763000,,194883000,36023000,653317000,418946000,25000,-33952000,2012128000,230241000,55047000,55047000,554889000,203423575,4309000,-955780000,55047000,52680000,5533908000,64399000,129383000,173772000,-11000,50152000,434589000,294180000,4895000,-977466000,-90990000,,,,422154000,192057000,22617000,4639281000,-894627000,664830000,3178528000,1347298000,0,,-558520000,78237000,3831845000,,-3898000,,216501000,22617000,6410000,,191913000,1731668000,5434130000,264398000,,,,,,,
2011-12-31,0.63,,8159000,126859000,2837499000,5562411000,125577000,-184797000,0,-467741000,0.62,1211000,200468080,,36234000,,20209000,15928000,817446000,356990000,25000,934000,2219324000,316112000,58926000,58926000,-168314000,203325892,-19794000,-439959000,58926000,63003000,5703086000,80327000,152143000,190225000,-280000,55047000,435336000,325472000,3879000,-184797000,-1730000,,,,528133000,167383000,125577000,4640093000,-1062993000,751448000,2900502000,1467876000,0,,172193000,200582000,3717948000,,-3471000,325472000,211065000,126859000,1211000,,211049000,1844463000,5410268000,251351000,,,,,,,
2012-12-31,0.840812,,15062000,168556000,2764120000,5938427000,168556000,-303840000,0,-299185000,0.840812,5160000,200468080,,39681000,611330000,-1562000,-1228000,945089000,398594000,25000,1393000,2276246000,357093000,45500000,45500000,-108180000,200468080,-17619000,-859422000,45500000,63070000,6211626000,79126000,164929000,189930000,-4592000,58926000,440720000,353793000,-13426000,-303840000,-49376000,0,,0,573230000,202026000,168556000,4960142000,-1251484000,797813000,2974554000,1478433000,0,0,94754000,221233000,3919643000,,-3447000,353793000,231040000,168556000,6000000,0,216137000,2018784000,5773498000,251183000,,,,,,,
2013-12-31,0.5,,18260000,114688000,2841214000,6650978000,101714000,-894851000,0,-197471000,0.49,23075000,202993839,,43715000,611330000,65869000,7662000,1075488000,475281000,205000,1403000,2570294000,395887000,56467000,56467000,430537000,209239484,-16690000,-2393613000,56467000,47882000,7113783000,86788000,182924000,282602000,-3198000,45500000,516748000,411829000,10967000,-894851000,-174095000,,611330000,2844000,640998000,209054000,101714000,5647670000,-1466113000,912635000,2944224000,1657659000,0,473914000,-419570000,286575000,4019712000,11802000,-4034000,411829000,253752000,102886000,36357000,,245111000,2608908000,6468054000,301155000,,,,,,,
2014-12-31,1.64,,32432000,340334000,5607157000,11583488000,338352000,-1878660000,0,140881000,1.62,14617000,206524968,,56555000,1388931000,-55583000,315000,2086599000,635601000,228000,-10853000,3125881000,502941000,84824000,84824000,1271416000,212017784,-242642000,-1688720000,84824000,352375000,10348860000,101983000,283735000,151754000,-7256000,56467000,676316000,817207000,28357000,-1051974000,-153442000,-82000000,994997000,6187000,807818000,281641000,338352000,8623773000,-1725087000,1179257000,5978076000,1946624000,0,0,-416373000,576947000,8064675000,-2267000,-261000,817207000,552514000,342601000,15628000,-826686000,304877000,3518813000,11299753000,403169000,,,,,,,
2015-12-31,1.89,-83519000,44996000,433909000,5767697000,12264757000,427137000,-1208794000,0,568018000,1.86,42209000,226591437,,58173000,1388931000,132192000,-50730000,2366519000,1043719000,232000,-46668000,4345048000,702486000,115937000,115937000,196188000,230040132,-412650000,-1569313000,115937000,349661000,11501990000,51369000,340411000,221909000,-14803000,84824000,987113000,1023973000,31113000,-1125275000,-53037000,-107256000,817525000,1269000,1152821000,259085000,427137000,9458805000,-2043185000,1689599000,6117358000,2655449000,0,858000,-81556000,629840000,8483877000,6772000,-4408000,1023973000,640568000,427137000,-45047000,0,450335000,3780880000,11924346000,554999000,,,,,,,
2016-12-31,2.79,-36823000,63215000,640303000,5838494000,12973911000,633085000,-1128914000,0,1201103000,2.78,66414000,227121875,,66255000,1388931000,74105000,-5755000,2312818000,1239666000,232000,-8302000,4874340000,925464000,128347000,128347000,-98342000,227850286,-314473000,-3744029000,128347000,284873000,12560587000,38002000,411093000,276859000,-20983000,115937000,1098651000,1172870000,12410000,-1092091000,-67411000,-49999000,817525000,-2448000,1371099000,238673000,633085000,10117689000,-2442898000,2024115000,6123367000,2850225000,0,2431000,147575000,560193000,8436185000,7218000,-9184000,1172870000,541753000,633085000,18930000,0,445635000,4537726000,12562818000,666156000,,,,,,,
2017-12-31,3.33,-35694000,43961000,770614000,5688392000,14094869000,759872000,-1404898000,165000,1963128000,3.31,87039000,228040825,2346000,82121000,1388931000,199160000,14047000,2490021000,1585741000,233000,-10401000,5396175000,1048819000,176190000,176190000,-133000000,229418326,26966000,-1916885000,176190000,166690000,13921511000,53433000,518337000,267804000,15050000,128347000,1283712000,0,47843000,-1372214000,-56195000,-6342000,817525000,9153000,1570303000,329588000,759872000,11040488000,-2881023000,2332531000,5855082000,3063644000,0,,213527000,619373000,8345103000,10742000,-17129000,1303498000,513717000,759872000,6705000,,521484000,5749766000,13576532000,773755000,,,,,,,
2018-12-31,4.28,-1719000,55249000,969310000,5810873000,15205970000,954843000,-1502708000,1011000,2898840000,4.25,115983000,223001739,64796000,90202000,1388931000,429486000,106387000,3150500000,2075171000,235000,20653000,6055126000,1219061000,163851000,163851000,-584802000,224419205,-161647000,-1716244000,163851000,281596000,15525164000,159564000,550313000,,-15886000,176190000,1458989000,,-12339000,-1566796000,-123576000,-678666000,817525000,1508000,1786033000,329948000,954843000,12119253000,-3405911000,2678050000,6092469000,3377076000,,,508375000,681218000,9242969000,14467000,-9052000,1593219000,716499000,954843000,,,566972000,5963001000,14655657000,897929000,,,,,,,
2019-12-31,,-47085000,75109000,911365000,6055335000,16684599000,930228000,-1680192000,3774000,3829068000,,95055000,,289000,95427000,1388931000,165159000,-58635000,3584390000,1822605000,237000,6155000,6462376000,1178077000,252876000,,-53388000,,-295490000,-3806732000,252876000,529295000,17355553000,100777000,730145000,,-14104000,163851000,1621038000,,89025000,-1637170000,-30091000,-370799000,827775000,-26134000,1825179000,365807000,930228000,13371941000,-3983612000,2799115000,6584630000,3663261000,,,185435000,746358000,10169020000,-18863000,-6155000,1954980000,782275000,930228000,-4152000,,647102000,6515579000,15954454000,974850000,,,,,,,