date,annualNetIncomeCommonStockholders,annualOtherCurrentLiabilities,annualChangeInCashSupplementalAsReported,annualRepaymentOfDebt,annualEbitda,annualGrossPPE,annualBeginningCashPosition,annualOtherNonCurrentLiabilities,annualInterestExpense,annualCapitalStock,annualOtherIncomeExpense,annualSellingGeneralAndAdministration,annualTotalNonCurrentAssets,annualCapitalExpenditure,annualCashFlowFromContinuingFinancingActivities,annualOtherNonCashItems,annualNetIncomeContinuousOperations,annualInventory,annualPurchaseOfBusiness,annualNetOtherFinancingCharges,annualCurrentDebt,annualStockBasedCompensation,annualDeferredIncomeTax,annualCostOfRevenue,annualOperatingExpense,annualGrossProfit,annualAccumulatedDepreciation,annualTotalLiabilitiesNetMinorityInterest,annualNonCurrentDeferredTaxesLiabilities,annualChangeInInventory,annualNetOtherInvestingChanges,annualChangeInWorkingCapital,annualNetIncome,annualCommonStockIssuance,annualOtherShortTermInvestments,annualGoodwill,annualPretaxIncome,annualCashDividendsPaid,annualFreeCashFlow,annualOperatingIncome,annualOtherCurrentAssets,annualTotalRevenue,annualInvestingCashFlow,annualAccountsReceivable,annualPurchaseOfInvestment,annualAccountsPayable,annualTaxProvision,annualNonCurrentDeferredRevenue,annualLongTermDebt,annualTotalAssets,annualStockholdersEquity,annualEndCashPosition,annualDepreciationAndAmortization,annualCurrentAccruedExpenses,annualCurrentLiabilities,annualCashAndCashEquivalents,annualInvestmentsAndAdvances,annualSaleOfInvestment,annualChangeInAccountPayable,annualTotalNonCurrentLiabilitiesNetMinorityInterest,annualCurrentAssets,annualOtherIntangibleAssets,annualOtherNonCurrentAssets,annualGainsLossesNotAffectingRetainedEarnings,annualNetPPE,annualOperatingCashFlow,annualRepurchaseOfCapitalStock,annualCashCashEquivalentsAndMarketableSecurities,annualResearchAndDevelopment,annualBasicEPS,annualRetainedEarnings,annualIncomeTaxPayable,annualChangesInAccountReceivables,annualDilutedEPS,annualCurrentDeferredRevenue,annualDilutedAverageShares,annualBasicAverageShares
2002-12-31,-4300000,,,,104800000,,,,0.0,,,7700000.0,,,20400000.0,,-4300000,,,20400000.0,,,,,19500000,,,12400000,,,-30600000.0,,-4300000,,,,-4300000.0,,10200000.0,93000000,,112500000,-30600000.0,,,,0.0,,,179700000,,,,,,,,,,,,,,,178200000.0,10200000.0,,,,,,,,,,,
2003-12-31,9500000,,,,724700000,,,,,,,,,,,,9500000,,,,,,,,12900000,,,139500000,,,,,9500000,,,,,,,711800000,,724700000,,,,,,,,316800000,177300000.0,,,,,,,,,,,,,,,,,,,,,,,,,,
2004-12-31,20100000,,,,835400000,,,,,,,,,,,,20100000,,,,,,,,14200000,,,302100000,,,,,20100000,,,,,,,821200000,,835400000,,,,,,,,612200000,310100000.0,,,,,,,,,,,,,,,,,,,,,,,,,,
2005-12-31,40841000,53000.0,0.0,,72795000,1106107000.0,0.0,1613000.0,11542000.0,,,8336000.0,1119499000.0,-37246000.0,-52671000.0,13232000.0,40841000,1155000.0,,-52671000.0,4932000.0,,,265851000.0,50245000,102628000.0,-9126000.0,903298000,,-732000.0,18683000.0,-3251000.0,40841000,,,,,,33988000.0,52383000,664000.0,368479000,-18563000.0,1525000.0,,2145000.0,,,863960000.0,1122843000,,0.0,20412000.0,30595000.0,37725000.0,,,,,865573000.0,3344000.0,,22518000.0,,1096981000.0,71234000.0,,,,,,,,,,,
2006-12-31,-46910000,0.0,0.0,,89644000,1129210000.0,0.0,1780000.0,72910000.0,,0.0,6904000.0,1097261000.0,-23117000.0,6867000.0,-1397000.0,-46910000,,,6867000.0,281083000.0,,2532000.0,293435000.0,62862000,91394000.0,-65102000.0,900205000,2844000.0,1155000.0,0.0,881000.0,-46910000,,,,-44378000.0,,-6899000.0,28532000,17250000.0,384829000,-23085000.0,1310000.0,,2789000.0,2532000.0,,582877000.0,1115821000,215616000.0,0.0,61112000.0,28832000.0,312704000.0,,,,,587501000.0,18560000.0,,33153000.0,215616000.0,1064108000.0,16218000.0,,,,,,,,,,,
2007-12-31,40250000,44003000.0,50994000.0,,186915000,1433955000.0,0.0,46375000.0,41434000.0,0.0,-29895000.0,18927000.0,1271497000.0,-41088000.0,-178770000.0,1052000.0,40250000,1624000.0,,-12131000.0,,,1479000.0,1457728000.0,90387000,203741000.0,-174361000.0,865766000,559000.0,-666000.0,372000.0,124213000.0,40250000,777471000.0,,,41729000.0,-31221000.0,229392000.0,113354000,8964000.0,1661469000,-40716000.0,146893000.0,,5693000.0,1479000.0,,626300000.0,1479972000,614206000.0,50994000.0,73561000.0,142836000.0,192532000.0,50994000.0,,,,673234000.0,208475000.0,,11903000.0,-75236000.0,1259594000.0,270480000.0,,50994000.0,,,,,,,,,
2008-12-31,91494000,11664000.0,30774000.0,-350632000.0,205722000,1492726000.0,50994000.0,13234000.0,38274000.0,,12134000.0,22392000.0,1325396000.0,-51169000.0,-13459000.0,-76803000.0,91494000,987000.0,,-7160000.0,,,1400000.0,1858356000.0,96728000,215762000.0,-248389000.0,818542000,1959000.0,637000.0,167000.0,2579000.0,91494000,0.0,,,92894000.0,-90932000.0,44066000.0,119034000,92105000.0,2074118000,-51002000.0,80650000.0,,8649000.0,1400000.0,,696845000.0,1580906000,-690292000.0,81768000.0,74554000.0,86191000.0,106504000.0,81768000.0,,,,712038000.0,255510000.0,,70535000.0,72072000.0,1244337000.0,95235000.0,,81768000.0,,,,,,,,,
2009-12-31,52000000,16300000.0,-34900000.0,-994100000.0,251800000,2096800000.0,95300000.0,35500000.0,95400000.0,,5000000.0,78900000.0,1725900000.0,-57200000.0,-277600000.0,700000.0,54200000,39300000.0,,-7700000.0,,,800000.0,3585600000.0,364400000,510000000.0,-418300000.0,1344700000,4900000.0,23100000.0,100000.0,56600000.0,52000000,103100000.0,,,55200000.0,-185500000.0,242600000.0,145600000,27000000.0,4095600000,-57100000.0,328300000.0,,265400000.0,1000000.0,,908400000.0,2180900000,0.0,60400000.0,101200000.0,114200000.0,395900000.0,60400000.0,18500000.0,,,948800000.0,455000000.0,,28900000.0,,1678500000.0,299800000.0,0.0,60400000.0,,,,,,,,,
2010-12-31,109100000,34200000.0,-14600000.0,-1794700000.0,425000000,3299500000.0,90900000.0,40600000.0,110800000.0,,31400000.0,122400000.0,2565600000.0,-137000000.0,-250900000.0,3200000.0,134000000,50300000.0,,-32500000.0,,,1200000.0,4947500000.0,295300000,512700000.0,-804300000.0,2137300000,8700000.0,-11400000.0,2100000.0,13100000.0,109100000,317800000.0,,,138000000.0,-334600000.0,234200000.0,217400000,28100000.0,5460200000,-134900000.0,466100000.0,,301900000.0,4000000.0,,1478200000.0,3186400000,0.0,76300000.0,171300000.0,273700000.0,609800000.0,76300000.0,15200000.0,,,1527500000.0,620800000.0,,55200000.0,-30600000.0,2495200000.0,371200000.0,,76300000.0,,,,,,,,,
2011-12-31,371000000,41100000.0,-20700000.0,-2054300000.0,535700000,3786900000.0,76300000.0,44400000.0,107700000.0,,-6400000.0,414800000.0,2890700000.0,-328700000.0,84500000.0,-13100000.0,245500000,92100000.0,-156500000.0,-52100000.0,,1500000.0,800000.0,6039000000.0,593000000,948100000.0,-980800000.0,2296300000,9500000.0,-41100000.0,300000.0,-24200000.0,409000000,304100000.0,0.0,,249800000.0,-225200000.0,72200000.0,355100000,2700000.0,6987100000,-506100000.0,575900000.0,-21200000.0,404600000.0,4300000.0,,1477700000.0,3658000000,0.0,55600000.0,178200000.0,303200000.0,748900000.0,55600000.0,36800000.0,,,1547400000.0,767300000.0,,36900000.0,-25600000.0,2806100000.0,400900000.0,,55600000.0,,,,,,,,,
2012-12-31,107900000,7400000.0,12400000.0,-1690700000.0,521500000,4701200000.0,55600000.0,47700000.0,116800000.0,,-38600000.0,131600000.0,4310800000.0,-582300000.0,1140800000.0,9200000.0,203200000,99400000.0,-996200000.0,-32300000.0,,3600000.0,1700000.0,5191900000.0,328900000,691700000.0,-1168000000.0,3165600000,11200000.0,5900000.0,1500000.0,4400000.0,174600000,554500000.0,0.0,,207400000.0,-285700000.0,-116900000.0,362800000,3300000.0,5883600000,-1593800000.0,514900000.0,-16800000.0,631600000.0,4200000.0,,2393300000.0,5025700000,0.0,68000000.0,197300000.0,69600000.0,708600000.0,68000000.0,53100000.0,,,2457000000.0,714900000.0,680800000.0,38600000.0,14800000.0,3533200000.0,465400000.0,,68000000.0,,,,,,,,,
2013-12-31,126000000,8000000.0,-10500000.0,-2021200000.0,658400000,5751600000.0,68000000.0,52600000.0,,,-24900000.0,519300000.0,5095500000.0,-1031300000.0,604400000.0,3400000.0,-264400000,150700000.0,0.0,249400000.0,,6000000.0,900000.0,5378500000.0,790900000,1177700000.0,-1406200000.0,3753000000,12100000.0,-84500000.0,5000000.0,-160400000.0,233500000,535500000.0,0.0,,-261500000.0,-397300000.0,-619900000.0,386800000,7100000.0,6556200000,-1026300000.0,658600000.0,0.0,718300000.0,2900000.0,,2905300000.0,5971400000,0.0,57500000.0,271600000.0,35800000.0,781600000.0,57500000.0,55900000.0,0.0,,2971400000.0,875900000.0,653400000.0,37700000.0,-6100000.0,4345400000.0,411400000.0,,57500000.0,,,,,,,,,
2014-12-31,319000000,188000000.0,14800000.0,-2254800000.0,1000200000,6514300000.0,57500000.0,57800000.0,143800000.0,,3400000.0,572800000.0,5521000000.0,-762200000.0,-72300000.0,27100000.0,505100000,168900000.0,0.0,-137700000.0,,9200000.0,1600000.0,7046900000.0,919300000,1569600000.0,-1689700000.0,3688800000,13700000.0,-35900000.0,5100000.0,-51800000.0,467700000,420400000.0,0.0,,509900000.0,-495400000.0,76300000.0,650300000,3800000.0,8616500000,-751400000.0,566800000.0,0.0,525600000.0,4800000.0,,2783400000.0,6377200000,0.0,72300000.0,346500000.0,37300000.0,833900000.0,72300000.0,50200000.0,5700000.0,,2854900000.0,856200000.0,591900000.0,38500000.0,60300000.0,4824600000.0,838500000.0,-4800000.0,72300000.0,,,,,,,,,
2015-12-31,-197500000,224500000.0,63100000.0,-2899100000.0,1127400000,11928200000.0,72300000.0,82900000.0,,,-301200000.0,658200000.0,12271600000.0,-817200000.0,633100000.0,59600000.0,-59300000,141000000.0,-828700000.0,134500000.0,,16600000.0,-200000.0,4873000000.0,1335300000,1785600000.0,-2225600000.0,6262100000,27200000.0,41400000.0,2500000.0,95800000.0,-27400000,,0.0,417000000.0,-58700000.0,-736400000.0,266700000.0,450300000,10000000.0,6658600000,-1653900000.0,514800000.0,-11700000.0,526600000.0,600000.0,25400000.0,5164000000.0,13165000000,0.0,135400000.0,677100000.0,80300000.0,890300000.0,135400000.0,258900000.0,1200000.0,-181700000.0,5371800000.0,893400000.0,1810100000.0,48100000.0,86800000.0,9702600000.0,1083900000.0,-5500000.0,135400000.0,,,,,,,,,
2016-12-31,-324100000,324100000.0,-67400000.0,-3705500000.0,1037300000,12511900000.0,135400000.0,205300000.0,,,-275100000.0,177100000.0,11817700000.0,-562100000.0,-347200000.0,32300000.0,-228700000,137700000.0,0.0,1385700000.0,,2200000.0,-300000.0,5476500000.0,934800000,1214400000.0,-2821000000.0,5594300000,26900000.0,-15900000.0,3800000.0,-12300000.0,-249400000,0.0,0.0,210000000.0,-229000000.0,-737300000.0,276300000.0,279600000,31500000.0,6690900000,-558600000.0,673200000.0,-4400000.0,687900000.0,-300000.0,,4177000000.0,12744900000,0.0,68000000.0,757700000.0,52200000.0,1159000000.0,68000000.0,240800000.0,4100000.0,188300000.0,4435300000.0,927200000.0,1654000000.0,16900000.0,-61800000.0,9690900000.0,838400000.0,-100000.0,68000000.0,,,,,,,,,
2017-12-31,-294800000,79700000.0,56700000.0,-2995700000.0,1095500000,14198600000.0,68000000.0,389500000.0,,,-326200000.0,813300000.0,13110400000.0,-1297500000.0,1091800000.0,-92400000.0,-250600000,204500000.0,-570800000.0,1793500000.0,350000000.0,,-2900000.0,6906100000.0,1622800000,1908800000.0,-3768700000.0,6500800000,24000000.0,-73200000.0,-15100000.0,-96600000.0,-289500000,,0.0,256600000.0,-258000000.0,-858600000.0,-439900000.0,286000000,55800000.0,8814900000,-1892700000.0,825700000.0,-9500000.0,998800000.0,-7400000.0,136200000.0,4268000000.0,14359000000,0.0,124700000.0,809500000.0,54100000.0,1613200000.0,124700000.0,221600000.0,200000.0,191300000.0,4887600000.0,1248600000.0,2165800000.0,13300000.0,-46000000.0,10429900000.0,857600000.0,,124700000.0,,,,,,,,,
2018-12-31,38900000,33600000.0,78600000.0,-1806600000.0,1279400000,17213800000.0,124700000.0,3300000.0,,,-195000000.0,240800000.0,15510200000.0,-3114000000.0,2011100000.0,-58000000.0,98600000,164700000.0,-282000000.0,1330900000.0,1027900000.0,0.0,-100000.0,9776100000.0,244400000,707900000.0,-4285500000.0,8344000000,23900000.0,-13900000.0,-12500000.0,124000000.0,51000000,,,46600000.0,98500000.0,-929800000.0,-1900400000.0,463500000,32200000.0,10484000000,-3146100000.0,864400000.0,,1383800000.0,-100000.0,175500000.0,5197400000.0,16890100000,0.0,203300000.0,815900000.0,395100000.0,2885800000.0,203300000.0,490500000.0,,,5458200000.0,1379900000.0,1983200000.0,27500000.0,124900000.0,12928300000.0,1213600000.0,0.0,203300000.0,,,,,,,,,
