date,annualBeginningCashPosition,annualCurrentAssets,annualDeferredIncomeTax,annualOperatingExpense,annualSellingGeneralAndAdministration,annualOtherNonCurrentAssets,annualCapitalExpenditure,annualRepurchaseOfCapitalStock,annualChangesInAccountReceivables,annualBasicEPS,annualCurrentAccruedExpenses,annualNetIncomeCommonStockholders,annualOtherCurrentLiabilities,annualEbitda,annualRepaymentOfDebt,annualChangeInCashSupplementalAsReported,annualAccumulatedDepreciation,annualOtherIntangibleAssets,annualNetOtherFinancingCharges,annualInterestExpense,annualOtherCurrentAssets,annualCostOfRevenue,annualTotalNonCurrentAssets,annualCurrentDeferredRevenue,annualDilutedEPS,annualGrossProfit,annualTaxProvision,annualTotalLiabilitiesNetMinorityInterest,annualNetIncomeContinuousOperations,annualOtherNonCashItems,annualPurchaseOfBusiness,annualNetIncome,annualCashDividendsPaid,annualFreeCashFlow,annualCurrentDebt,annualAccountsReceivable,annualInvestingCashFlow,annualNonCurrentDeferredTaxesLiabilities,annualTotalAssets,annualDilutedAverageShares,annualLongTermDebt,annualStockholdersEquity,annualDepreciationAndAmortization,annualCurrentLiabilities,annualChangeInWorkingCapital,annualRetainedEarnings,annualGoodwill,annualOtherShortTermInvestments,annualCommonStockIssuance,annualTotalRevenue,annualOperatingCashFlow,annualCapitalStock,annualTotalNonCurrentLiabilitiesNetMinorityInterest,annualGainsLossesNotAffectingRetainedEarnings,annualNetPPE,annualOtherIncomeExpense,annualChangeInAccountPayable,annualAccountsPayable,annualCashCashEquivalentsAndMarketableSecurities,annualCashFlowFromContinuingFinancingActivities,annualOperatingIncome,annualEndCashPosition,annualOtherNonCurrentLiabilities,annualNetOtherInvestingChanges,annualBasicAverageShares,annualCashAndCashEquivalents,annualGrossPPE,annualIncomeTaxPayable,annualPretaxIncome,annualInvestmentsAndAdvances,annualResearchAndDevelopment,annualSaleOfInvestment,annualInventory,annualStockBasedCompensation,annualPurchaseOfInvestment,annualChangeInInventory,annualNonCurrentDeferredRevenue
2005-12-31,1018013000,1332393000,,1549249000,,18838954000,-605488000,,,12.219,,685494000,65501000,1789147000,,-202947000,,2514165000,-1094814000,,120784000,,23999095000,,12.219,,-472009000,296167000,685494000,147673000,,685494000,,897607000,,376531000,-611228000,,25331488000,56100000,,25035321000,642132000,242057000,32501000,1119611000,,,,2696264000,1503095000,23462294000,54110000,122135000,1915511000,-848000,,113331000,815066000,-1094814000,1147015000,818066000,22670000,-5740000,56100000,815066000,,,1158199000,,,,,,,,
2006-12-31,815066000,1646050000,,1700.553,,18404225000,-630825000,,,15.943,,894396000,76009000,3652975299.447,,82302000,,2417255000,253000,,125002000,,23869661000,,15.943,,-370189000,332247000,894396000,-1783000,,894396000,,839365000,,392330000,-641635000,,25515711000,56100000,,25183464000,717171000,266707000,-246865000,1548539000,,,,2935806000,1470190000,23462294000,65540000,172631000,2361574000,1682000,,126974000,897368000,253000,2935804299.447,897368000,32564000,-10810000,56100000,897368000,,,1266030000,,,,,,,,
2007-12-31,931109000,2313484000,,4097753000,,22008830000,-932280000,,,25.006,,1402819000,147595000,-753417000,,495574000,,22985000,0,172882000,247667000,964976000,25212793000,,25.006,2512348000,-277577000,1164712000,1402819000,1495996000,,1402819000,-1171616000,1087956000,85714000,470310000,-931617000,,27526277000,56100000,492857000,26361565000,754097000,600352000,-256000,1792007000,,,,3477324000,2020236000,24344476000,564360000,225082000,3180978000,57815000,,336321000,1426683000,-593045000,-1585405000,1426683000,34613000,663000,56100000,1426683000,,,-1680396000,,,,,,,,
2008-12-31,1426683000,2730299000,,971784000,,22769617000,-524922000,-44227000,,27.5,,1540842000,117148000,2526236000,-122571000,79321000,,,-68989000,57518000,275479000,1070955000,25411395000,,27.5,2419830000,-129625000,1404048000,1540842000,-559978000,,1540842000,-1121485000,1089645000,134857000,572058000,-521974000,,28141694000,56059481,665143000,26737646000,798251000,673872000,-294173000,2086659000,2283598000,,,3490785000,1614567000,24344476000,730176000,295223000,335158000,116868000,,374661000,1506004000,-1013272000,1448046000,1506004000,65033000,2948000,56059481,1506004000,,,1670467000,,,,,,,,
2009-12-31,1506004000,2817240000,,1103063000,111721000,3929785000,-542114000,-10248000,,21.4,,1199444000,193965000,2244760000,-163786000,667582000,,19765496000,-14667000,75564000,109000,869315000,25564675000,,21.4,2396925000,140917000,1601361000,1199444000,135876000,,1199444000,-1200000000,1670261000,193965000,456107000,-542114000,,28381915000,56047397,856003000,26780554000,828835000,612457000,268243000,1199444000,,279621000,53712000,3266240000,2212375000,24344476000,988904000,372369000,364101000,-63280000,,275478000,2100771000,-1002679000,1293862000,2173586000,97743000,0,56047397,1821150000,,,1340361000,0,,,,,,,
2010-12-31,2173586000,3023099000,,1850445000,128384000,19296222000,-905008000,-609809000,,26.872,,1500160000,64784000,2610821000,-248360000,175221000,-443532000,,-115959000,135268000,1739000,963872000,25866183000,,26.872,3409797000,-95452000,2218377000,1500160000,96221000,,1500160000,-1000000000,1672162000,266492000,297885000,-935513000,,28889282000,55824561,1042808000,26670905000,879941000,903941000,-49478000,1503897000,,233915000,0,4373669000,2577170000,24344476000,1314436000,1432341000,4595205000,-6837000,,403724000,2582722000,-1466436000,1559352000,2348807000,226412000,-30505000,55824561,2348807000,890698000,123721000,1595612000,0,,,,,,,
2011-12-31,2348807000,2866039000,,1274087000,136191000,21395838000,-979660000,-777493000,,40,,1484441000,104943000,2735707000,-300308000,-213797000,-508955000,2015986000,-118753000,93753000,469000,2021105000,26525806000,,40,2917629000,213419000,3049109000,1484441000,141007000,,1484441000,-1035117000,1310660000,411439000,294503000,-1287072000,,29391845000,53775509,1612179000,26342736000,944094000,1062027000,73728000,1490911000,,278349000,,4938734000,2290320000,24344476000,1987082000,1894651000,836339000,7812000,,472645000,2393857000,-1217045000,1643542000,2135010000,316389000,-307412000,53775509,2115508000,1345294000,,1697860000,0,,,,,,,
2012-12-31,2135010000,2459168000,327449000,373700000,155072000,42987000,-979014000,-870000000,32838000,33.389,20528000,1772030000,117548000,3048028000,-612222000,-471327000,-626607000,16858543000,-870000000,121319000,2747000,2457465000,22074469000,36010000,33.389,2487202000,327449000,3080424000,1772030000,102136000,,1772030000,-1130000000,1682260000,555925000,244796000,-983785000,,24533637000,53072060,1456798000,21453213000,827230000,1132711000,131562000,5172414000,,433573000,,4944667000,2661274000,0,1947713000,553477000,951465000,-14782000,32788000,310003000,2097256000,-2148816000,2113502000,1663683000,430625000,-9022000,53072060,1663683000,1578072000,63392000,2099479000,0,,,,,,,
2013-12-31,1663683000,2872087000,75788000,401745000,171470000,38247000,-686270000,-276732000,25523000,42.377,16996000,2246230000,138729000,3384398000,-646452000,504504000,-770825000,16693586000,-134278000,179145000,3106000,2452914000,22362513000,34357000,42.377,2774922000,75788000,3021889000,2246230000,115612000,,2246230000,-1210000000,2278443000,637577000,207515000,-680951000,,25234600000,53006183,1216899000,22212711000,883235000,1212154000,228797000,5766207000,,410433000,,5227836000,2964713000,0,1809735000,2663216000,873541000,3763000,-13057000,245848000,2578620000,-1779258000,2373177000,2168187000,522204000,4642000,53006183,2168187000,1644366000,95850000,2322018000,0,,,,,,,
2014-12-31,2168187000,2062571000,514579000,412381000,194228000,47627000,-620266000,-69340000,-145122000,42.663,11329000,2242520000,124957000,3748049000,-1513883000,-572685000,-880780000,16481904000,-1510000000,65730000,4872000,2368682000,22223636000,36363000,42.663,3177470000,514579000,3000316000,2242520000,65730000,,2242520000,-3100000000,2839964000,978538000,337581000,-633040000,0,24286207000,52563674,740936000,21285891000,925220000,1582226000,445712000,6213078000,,0,,5546152000,3460230000,0,1418090000,2868865000,812653000,-126000,37772000,228882000,1595502000,-3399875000,2765089000,1595502000,597139000,-13209000,52563674,1595502000,1693433000,98174000,2757099000,0,,,,,,,
2015-12-31,1595502000,3386683000,847309000,680898000,236507000,68913000,-1128382000,,173005000,59.772,58499000,2726020000,149637000,4973088000,-8076912000,1400997000,-1116547000,21183266000,2517609000,198567000,55410000,3553328000,28086716000,66676000,59.772,4553581000,847309000,9317356000,2770777000,8823000,,2726020000,-3153453000,3776371000,3529102000,159196000,-3669927000,818879000,31473399000,52557555,421363000,21273951000,1156435000,4658310000,665172000,6638935000,,0,,8106909000,4904753000,0,4659046000,3839610000,1555593000,-136424000,301508000,437238000,2996499000,166171000,3872683000,2996499000,3325437000,0,52557555,2996499000,2672140000,197541000,3618086000,92232000,,,,,,,
2016-12-31,2996499000,5998574000,1266573000,1065874000,1391581000,170635000,-1856997000,0,-434534000,62.443,69917000,3353559000,198512000,6583280000,-3661050000,2191639000,-1467959000,22872852000,2595808000,357086000,202892000,4806794000,30052888000,70215000,62.443,6300767000,1266573000,13646893000,3353559000,357085000,0,3353559000,-3889259000,3906345000,84758000,607544000,-1816557000,946673000,36051462000,52557555,4529518000,21333015000,1348387000,1941299000,245965000,7561526000,,,,11107561000,5763342000,0,11705594000,4726249000,1630393000,-11728000,456845000,875486000,5188138000,-1771186000,5234893000,5188138000,6136828000,-18757000,52557555,5188138000,3098352000,296633000,4620132000,21636000,,,,,,,
2017-12-31,5188138000,8980159000,1440641000,1217727000,1616729000,202744000,-1923891000,,-394746000,88.457,87168000,4731081000,252622000,7725293000,-151724000,2542005000,-1713812000,23200671000,3800000000,600813000,252646000,4866460000,30537373000,108853000,88.457,7499458000,1440641000,17440763000,4731081000,600813000,,4731081000,-4756459000,4244811000,141412000,997370000,-1938575000,839253000,39517532000,52557555,4110846000,21028215000,1443562000,2295147000,-54476000,9001269000,,,,12365918000,6168702000,0,15145616000,4731874000,1655688000,-10620000,275573000,811397000,7730143000,-1687316000,6281731000,7730143000,10082537000,-14684000,52557555,7730143000,3369500000,327283000,6171722000,11016000,,,,,,,
2018-12-31,7730143000,7840206000,1869041000,1414675000,,281665000,-2501656000,,-383361000,95.844,84224000,5138631000,298376000,8814289000,-263599000,-1578686000,-2036920000,23823571000,-274685000,896225000,293387000,5463563000,31710296000,139576000,95.844,8659327000,1869041000,17778352000,5138631000,896165000,-39900000,5138631000,-5255756000,4733963000,,1395362000,-2550411000,784931000,39550502000,52557555,4535863000,20708986000,1569637000,2172524000,48208000,9552072000,,,,14122890000,7235619000,0,15605828000,5112712000,1906233000,-947000,294070000,871741000,6151457000,-6166696000,7244652000,6151457000,10130740000,-15459000,52557555,6151457000,3989849000,191797000,7007672000,35000,,,,,,,
2019-12-31,6151457000,9367484000,1891443000,1780981000,,655884000,-2478988000,,-101537000,98.565401,,5529519000,,9793375000,-16261000,1348736000,,23758577000,2853285000,,387881000,6427802000,32210320000,,98.565401,9798219000,1891443000,20908361000,5454742000,1142086000,,5529519000,-6017840000,5685069000,,1479410000,-2586095000,,41577804000,56100000,,19628172000,1776137000,4676566000,-10989000,9940035000,,,,16226021000,8164057000,6185082000,16231795000,5236429000,1905684000,79000,61761000,,,-4231529000,8017238000,7500193000,,-111293000,56100000,7500193000,,,7346185000,,,,,,,,