date,annualPurchaseOfBusiness,annualOtherNonCashItems,annualDepreciationAndAmortization,annualCurrentLiabilities,annualInventory,annualStockBasedCompensation,annualOperatingCashFlow,annualNetPPE,annualOtherIntangibleAssets,annualGrossProfit,annualNonCurrentDeferredTaxesLiabilities,annualCashCashEquivalentsAndMarketableSecurities,annualDilutedEPS,annualChangeInWorkingCapital,annualRepaymentOfDebt,annualOtherCurrentLiabilities,annualGrossPPE,annualNetOtherInvestingChanges,annualChangeInCashSupplementalAsReported,annualGoodwill,annualInterestExpense,annualPretaxIncome,annualOtherNonCurrentLiabilities,annualAccountsPayable,annualCapitalStock,annualPurchaseOfInvestment,annualOtherIncomeExpense,annualTotalRevenue,annualDilutedAverageShares,annualInvestingCashFlow,annualCapitalExpenditure,annualNonCurrentDeferredRevenue,annualCashFlowFromContinuingFinancingActivities,annualOperatingIncome,annualEndCashPosition,annualCashAndCashEquivalents,annualNetIncomeContinuousOperations,annualCurrentAccruedExpenses,annualInvestmentsAndAdvances,annualCurrentDeferredRevenue,annualNetOtherFinancingCharges,annualCurrentDebt,annualTotalNonCurrentLiabilitiesNetMinorityInterest,annualCostOfRevenue,annualCurrentAssets,annualBasicEPS,annualGainsLossesNotAffectingRetainedEarnings,annualOperatingExpense,annualOtherNonCurrentAssets,annualDeferredIncomeTax,annualAccumulatedDepreciation,annualRepurchaseOfCapitalStock,annualTotalLiabilitiesNetMinorityInterest,annualChangesInAccountReceivables,annualEbitda,annualNetIncomeCommonStockholders,annualRetainedEarnings,annualNetIncome,annualBasicAverageShares,annualOtherShortTermInvestments,annualBeginningCashPosition,annualCommonStockIssuance,annualFreeCashFlow,annualCashDividendsPaid,annualAccountsReceivable,annualOtherCurrentAssets,annualTotalNonCurrentAssets,annualSellingGeneralAndAdministration,annualTotalAssets,annualTaxProvision,annualStockholdersEquity,annualLongTermDebt,annualResearchAndDevelopment,annualSaleOfInvestment,annualChangeInAccountPayable,annualChangeInInventory,annualIncomeTaxPayable
1998-12-31,,,41765000,8545000,,,63581000,521578000,,70378000,,1882000.0,0.31,2121000,,4370000,567465000,0,-12152000,,,19678000,,4175000.0,0,,0,108679000,62216129,-12059000,-12059000,,-63674000,19391000,1882000,1882000.0,19287000,,,,0,,,38301000,14795000,0.31,,50987000,6444000,,-45887000,,8545000,,61156000,19287000,-44201000,19287000,62216129,,14034000,,51522000,-63674000.0,12913000,0.0,528022000,9222000,542817000,391000,534272000,,,,,,
1999-12-31,,,39014000,11023000,,,59253000,493233000,,64759000,,,0.31,553000,,4372000,576257000,0,-2783000,,,19606000,0.0,5750000.0,0,,-64321000,101335000,62425000,-8970000,-10031000,,-53066000,82828000,-901000,,19324000,,,,0,901000.0,5891000.0,36576000,11575000,0.31,,-18069000,6744000,,-83024000,,16914000,,121842000,19324000,-84202000,19324000,62335484,,1882000,367000.0,49222000,-59324000.0,11575000,0.0,499977000,7238000,511552000,282000,494638000,5891000.0,,,,,
2000-12-31,,,65553000,118060000,,,52059000,852851000,214890000.0,83715000,182200000.0,,0.8,-14582000,,5937000,982419000,1941000,-91000,,11421000.0,2878000,0.0,17538000.0,0,,3548000,136190000,65610000,-401237000,-43063000,,349087000,108129000,-992000,,52488000,7593000.0,,,0,86992000.0,425623000.0,52475000,42413000,0.8,,-24414000,4645000,-50000000.0,-129568000,,543683000,,173682000,52488000,-94532000,52488000,65610000,,-901000,86808000.0,8996000,-61253000.0,24413000,18000000.0,1072386000,7411000,1114799000,-49610000,571116000,243423000.0,,,,,
2001-12-31,,,82141000,35494000,,,92892000,1034312000,222670000.0,120279000,185800000.0,4564000.0,0.49,-4820000,,7687000,1223801000,0,5556000,,15310000.0,16661000,0.0,16807000.0,0,,3667000,191647000,82185714,-233792000,-11572000,,146456000,48824000,4564000,4564000.0,40271000,3200000.0,,,-2567000,7800000.0,493000000.0,71368000,37993000,0.52,118306000.0,71455000,2577000,-24700000.0,-189489000,,528494000,,130965000,40271000,-139200000,40271000,77444231,,-992000,242609000.0,81320000,-79163000.0,24179000,9250000.0,1259559000,9834000,1297552000,-23610000,769058000,307200000.0,,,,,
2002-12-31,,,67973000,35886000,,,106978000,998341000,222670000.0,135495000,164100000.0,4259000.0,0.59,761000,,8189000,1254392000,7655000,-305000,,15835000.0,39035000,0.0,21883000.0,0,,-825000,224467000,100908475,-20808000,-28463000,,-86475000,55695000,4259000,4259000.0,59536000,2514000.0,,,-8207000,3300000.0,487059000.0,88972000,34551000,0.65,73873000.0,79800000,0,-21700000.0,-256051000,,522945000,,123668000,59536000,-183270000,59536000,91593846,,4564000,7629000.0,78515000,-95786000.0,26383000,3909000.0,1221011000,11827000,1255562000,-20501000,732617000,322959000.0,,,,,
2003-12-31,,-4700000.0,76322000,163708000,,,103897000,1175084000,362428000.0,146923000,200600000.0,3266000.0,0.52,-6188000,,8642000,1505495000,-120158000,-993000,,20291000.0,37044000,1951000.0,21066000.0,0,,-480000,243074000,121903846,-325152000,-16558000,,220262000,57815000,3266000,3266000.0,63390000,,,,-13934000,134000000.0,484662000.0,96151000,36984000,0.52,-203742000.0,89108000,0,-28500000.0,-330411000,,648370000,,134137000,63390000,233736000,63390000,121903846,,4259000,34296000.0,87339000,-100554000.0,33718000,0.0,1537512000,12786000,1574496000,-26346000,926126000,282111000.0,,,,,
2004-12-31,,-4436000.0,84647000,27168000,,,120165000,1160613000,361855000.0,173263000,167300000.0,,0.6,8638000,,9007000,1573715000,-40882000,-6237000,,44021000.0,29334000,16853000.0,11668000.0,0,,15000,278291000,100705000,-68757000,-27875000,,-57645000,73340000,-2971000,,60423000,,,,0,6493000.0,866682000.0,105028000,26432000,0.6,,99923000,0,-33300000.0,-413102000,,893850000,,157987000,60423000,-286852000,60423000,100705000,,3266000,32780000.0,92290000,-105827000.0,26432000,0.0,1522468000,16228000,1548900000,-31089000,655050000,682529000.0,,,,,
2005-12-31,,-7594000.0,85270000,51734000,,,112360000,1161691000,,187786000,137923000.0,,0.65,2241000,,9966000,1574793000,7594000,-4340000,366416000.0,40476000.0,42769000,19716000.0,18489000.0,0,,-1298000,290522000,108321538,-71863000,-79457000,,-44837000,84543000,-7311000,,70409000,,,,0,23279000.0,763773000.0,102736000,31012000,0.65,,103243000,0,-29377000.0,-413102000,-112523000.0,815507000,,169813000,70409000,-688069000,70409000,108321538,,-2971000,38012000.0,32903000,,31012000,0.0,1528107000,17973000,1559119000,-27640000,743612000,606134000.0,,,,,
2006-12-31,,7150000.0,85619000,71139000,,,143860000,1257729000,,216808000,113617000.0,1861000.0,0.73,-4851000,,12622000,1827244000,9838000,9172000,371667000.0,32580000.0,64579000,29889000.0,37411000.0,0,,-1395000,335818000,121760274,-159117000,-168955000,,24429000,104554000,1861000,1861000.0,88885000,,,,0,21106000.0,752581000.0,119010000,46808000,0.73,,112254000,0,-24306000.0,-569515000,-139630000.0,823720000,,190173000,88885000,-383325000,88885000,121760274,,-7311000,79910000.0,-25095000,,44947000,0.0,1629396000,26635000,1676204000,-24306000,852484000,609075000.0,,,,,
2007-12-31,,4915000.0,66450000,81812000,,,189540000,1524887000,,260107000,93957000.0,16736000.0,1.06,-2709000,,15905000,2157205000,13552000,14875000,358212000.0,34225000.0,119785000,62236000.0,59485000.0,0,,-9004000,504788000,134250000,-286760000,-300312000,,112095000,163014000,16736000,16736000.0,142305000,,,,0,6422000.0,976259000.0,244681000,72913000,1.09,7935000.0,97093000,10796000,-22520000.0,-632318000,,1058071000,,229464000,142305000,-419890000,142305000,130555046,,1861000,54542000.0,-110772000,-175587000.0,56177000,0.0,1893895000,30643000,1966808000,-22520000,908737000,820066000.0,,,,,
2008-12-31,,-36579000.0,72148000,165328000,,,219905000,1685394000,,303028000,98869000.0,13638000.0,1.19,11416000,,17511000,2317712000,-13952000,-3098000,354037000.0,42816000.0,172920000,98120000.0,65913000.0,0,,23488000,674883000,137648000,-183164000,-223976000,,-39839000,192248000,13638000,13638000.0,161793000,,,,0,81904000.0,1069651000.0,371855000,78778000,1.21,-10608000.0,110780000,0,11127000.0,-632318000,,1234979000,,264396000,161793000,-456856000,161793000,133380000,,16736000,22399000.0,-4071000,-197153000.0,65140000,0.0,2039431000,38632000,2118209000,11127000,883230000,872662000.0,,,,,
2009-12-31,,-4069000.0,69822000,272676000,13493000.0,464000.0,224615000,2051422000,91369000.0,338262000,95870000.0,53927000.0,1.07,-3706000,-281904000.0,0,2809460000,-333956000,40289000,287670000.0,51894000.0,158226000,0.0,,1660795000,,-6953000,811796000,154125000,-477786000,-143830000,,293460000,217073000,53927000,,162078000,,,,-229197000,194063000.0,1179077000.0,473534000,150664000,1.09,-4341000.0,121189000,0,-3852000.0,-758038000,,1451753000,,279942000,162078000,-527082000,162078000,149001000,,13638000,142621000.0,80785000,,83244000,53927000.0,2430461000,51367000,2581125000,-3852000,1129372000,1077726000.0,,,,,
2010-12-31,0.0,-5555000.0,66891000,128903000,26099000.0,449000.0,255121000,2172450000,89318000.0,359732000,91006000.0,125397000.0,1.14,968000,-157423000.0,0,2979412000,10933000,71470000,287670000.0,60168000.0,181708000,0.0,99228000.0,1782804000,,-7068000,1255102000,163802000,-187789000,-198722000,,4138000,248944000,125397000,,186700000,,,,287289000,7981000.0,1497345000.0,895370000,256970000,1.14,-7111000.0,110788000,0,,-806962000,,1626248000,,308767000,186700000,-595533000,186700000,163223000,,53927000,86267000.0,56399000,-254074000.0,105474000,125397000.0,2549438000,44086000,2806408000,-4992000,1180160000,1397692000.0,,,,,
2011-12-31,,60712000.0,70219000,517802000,22783000.0,,287086000,2745982000,21234000.0,344727000,106915000.0,0.0,0.99,-18749000,-88201000.0,4725000,3602402000,824000,-126073000,222670000.0,88125000.0,198769000,14060000.0,166646000.0,1811734000,,0,1676710000,168175000,-478883000,-479707000,2185000.0,65724000,281107000,-676000,0.0,165666000,,161002000.0,,-4195000,324603000.0,1859783000.0,1331983000,175693000,0.99,-15196000.0,63620000,10814000,,-856420000,-239408000.0,2377585000,-28840000.0,357113000,165666000,-834921000,165666000,167433000,,125397000,0.0,-192621000,-21694000.0,148267000,4643000.0,3163509000,59984000,3339202000,38869000,961617000,1301426000.0,,,,,
2012-12-31,-8182000.0,111202000.0,179386000,411910000,108096000.0,17028000.0,359807000,5014542000,647065000.0,507194000,584489000.0,27336000.0,0.866508,-109881000,-61332000.0,15932000,6012303000,37000000,28012000,1975612000.0,109730000.0,301347000,0.0,301936000.0,0,-8182000.0,6781000,3427402000,259483000,-546128000,-546820000,3099000.0,214333000,409706000,27336000,27336000.0,224952000,42804000.0,161205000.0,,-7343000,11652000.0,3589157000.0,2920208000,474652000,0.87,-26123000.0,97488000,3080000,75802000.0,-997761000,,4001067000,6043000.0,589092000,224844000,-1027678000,224844000,258869000,,-676000,0.0,-187013000,-181148000.0,321178000,7528000.0,7801847000,97488000,8276499000,75339000,4270257000,2542742000.0,,,,,
2013-12-31,-13000000.0,168000000.0,171000000,818000000,159000000.0,34000000.0,651000000,5750000000,598000000.0,787000000,699000000.0,51000000.0,1.12,-75000000,-649000000.0,13000000,6892000000,33000000,24000000,1966000000.0,97000000.0,494000000,0.0,359000000.0,391000000,-13000000.0,-157000000,5025000000,308081000,-860000000,-880000000,,233000000,655000000,51000000,51000000.0,351000000,102000000.0,165000000.0,,-29000000,262000000.0,3153000000.0,4238000000,648000000,1.12,-8000000.0,132000000,0,105000000.0,-1142000000,,3971000000,,826000000,351000000,-1189000000,351000000,307211000,0.0,27000000,345000000.0,-229000000,-221000000.0,419000000,4000000.0,8494000000,132000000,9142000000,143000000,5166000000,2013000000.0,,,,,
2014-12-31,-465000000.0,100000000.0,226000000,705000000,137000000.0,39000000.0,800000000,7560000000,751000000.0,852000000,793000000.0,53000000.0,1.06,-33000000,-304000000.0,44000000,8849000000,84000000,2000000,2090000000.0,90000000.0,572000000,0.0,444000000.0,880000000,-8000000.0,-102000000,6069000000,328000000,-1837000000,-1412000000,44000000.0,1039000000,678000000,53000000,53000000.0,383000000,106000000.0,153000000.0,,-21000000,4000000.0,4221000000.0,5217000000,688000000,1.07,-20000000.0,174000000,0,167000000.0,-1289000000,,4926000000,,904000000,383000000,-1400000000,383000000,326000000,0.0,51000000,0.0,-612000000,-269000000.0,429000000,51000000.0,10574000000,156000000,11262000000,167000000,6336000000,2857000000.0,,,,,
2015-12-31,-27000000.0,47000000.0,263000000,639000000,120000000.0,25000000.0,801000000,9254000000,725000000.0,832000000,965000000.0,28000000.0,1.02,-11000000,-1261000000.0,10000000,10728000000,8000000,-25000000,2097000000.0,103000000.0,614000000,0.0,373000000.0,1100000000,-27000000.0,-27000000,4635000000,348000000,-1898000000,-1811000000,84000000.0,1072000000,651000000,28000000,28000000.0,406000000,194000000.0,145000000.0,,-36000000,5000000.0,4873000000.0,3803000000,676000000,1.02,3000000.0,181000000,11000000,199000000.0,-1474000000,,5512000000,,914000000,355000000,-1670000000,406000000,347000000,0.0,53000000,460000000.0,-1010000000,-294000000.0,493000000,14000000.0,12260000000,157000000,12936000000,199000000,7424000000,3318000000.0,,,,,
2016-12-31,-568000000.0,128000000.0,293000000,785000000,181000000.0,46000000.0,1077000000,11331000000,737000000.0,1072000000,1111000000.0,35000000.0,1.01,-36000000,-333000000.0,65000000,13039000000,99000000,7000000,2097000000.0,102000000.0,654000000,0.0,475000000.0,1509000000,-2000000.0,-214000000,4265000000,389000000,-2286000000,-1745000000,86000000.0,1216000000,878000000,35000000,35000000.0,466000000,170000000.0,134000000.0,,-31000000,6000000.0,5936000000.0,3193000000,676000000,1.02,-11000000.0,194000000,11000000,189000000.0,-1708000000,,6721000000,,1171000000,394000000,-2010000000,466000000,388000000,0.0,28000000,345000000.0,-668000000,-351000000.0,435000000,9000000.0,14341000000,195000000,15017000000,189000000,8296000000,4145000000.0,,,,,
2017-12-31,-1345000000.0,147000000.0,382000000,1142000000,168000000.0,73000000.0,1513000000,13546000000,843000000.0,1437000000,2376000000.0,321000000.0,1.88,-18000000,-1279000000.0,79000000,15576000000,-85000000,286000000,3871000000.0,171000000.0,1033000000,129000000.0,465000000.0,2424000000,-7000000.0,-128000000,5408000000,432000000,-3332000000,-1839000000,136000000.0,2105000000,1173000000,321000000,321000000.0,891000000,248000000.0,6229000000.0,,-23000000,256000000.0,10575000000.0,3971000000,1022000000,1.89,-7000000.0,264000000,13000000,142000000.0,-2030000000,,11717000000,,1555000000,805000000,-2075000000,891000000,426000000,0.0,35000000,0.0,-326000000,-781000000.0,177000000,4000000.0,24544000000,236000000,25566000000,142000000,13789000000,7300000000.0,,,,,
2018-12-31,-58000000.0,234000000.0,417000000,1490000000,198000000.0,63000000.0,2256000000,14730000000,531000000.0,1894000000,2774000000.0,157000000.0,2.28,-72000000,-1998000000.0,6000000,17080000000,8000000,-181000000,3878000000.0,274000000.0,1742000000,150000000.0,519000000.0,2423000000,,166000000,7351000000,509000000,-1311000000,-1226000000,131000000.0,-1126000000,1588000000,157000000,157000000.0,1278000000,284000000.0,6368000000.0,37000000.0,-8000000,480000000.0,10770000000.0,5457000000,1013000000,2.28,317000000.0,306000000,9000000,464000000.0,-2350000000,,12260000000,,2005000000,1153000000,-2058000000,1278000000,505000000,,321000000,,1030000000,-1247000000.0,177000000,,25651000000,279000000,26664000000,464000000,14344000000,7057000000.0,,,,,
