date,annualRepaymentOfDebt,annualTotalNonCurrentAssets,annualNetPPE,annualEbitda,annualOtherNonCurrentLiabilities,annualOtherIncomeExpense,annualChangeInCashSupplementalAsReported,annualDilutedEPS,annualOtherCurrentLiabilities,annualCashCashEquivalentsAndMarketableSecurities,annualCashFlowFromContinuingFinancingActivities,annualBasicAverageShares,annualBeginningCashPosition,annualGrossPPE,annualNonCurrentDeferredTaxesLiabilities,annualAccumulatedDepreciation,annualOperatingExpense,annualNetIncomeContinuousOperations,annualPurchaseOfInvestment,annualCapitalExpenditure,annualInvestingCashFlow,annualChangeInInventory,annualGoodwill,annualInventory,annualStockBasedCompensation,annualInterestExpense,annualChangesInAccountReceivables,annualCapitalStock,annualDilutedAverageShares,annualNetOtherFinancingCharges,annualGrossProfit,annualDeferredIncomeTax,annualFreeCashFlow,annualCommonStockIssuance,annualGainsLossesNotAffectingRetainedEarnings,annualChangeInWorkingCapital,annualOperatingIncome,annualTotalRevenue,annualNetOtherInvestingChanges,annualTotalLiabilitiesNetMinorityInterest,annualTaxProvision,annualTotalAssets,annualNetIncome,annualCurrentDebt,annualEndCashPosition,annualLongTermDebt,annualOtherCurrentAssets,annualCostOfRevenue,annualAccountsPayable,annualPretaxIncome,annualSaleOfInvestment,annualIncomeTaxPayable,annualInvestmentsAndAdvances,annualSellingGeneralAndAdministration,annualOtherNonCurrentAssets,annualOtherNonCashItems,annualRepurchaseOfCapitalStock,annualCashAndCashEquivalents,annualStockholdersEquity,annualCurrentAccruedExpenses,annualBasicEPS,annualDepreciationAndAmortization,annualRetainedEarnings,annualCurrentAssets,annualAccountsReceivable,annualTotalNonCurrentLiabilitiesNetMinorityInterest,annualOperatingCashFlow,annualChangeInAccountPayable,annualCurrentLiabilities,annualOtherShortTermInvestments,annualNetIncomeCommonStockholders,annualResearchAndDevelopment,annualCashDividendsPaid,annualOtherIntangibleAssets,annualNonCurrentDeferredRevenue,annualCurrentDeferredRevenue,annualPurchaseOfBusiness
1985-12-31,,22600000,21900000,3000000,-100000,300000,,0.05,4300000,2400000,,6000000,0,30000000,1000000,-8100000,2600000,300000,,,0,,,500000,,1500000,,,6000000,,4300000,,0,,,,1700000,14200000,,19800000,200000,28900000,300000,1200000,0,13400000,400000,9900000,,500000,,,,1300000,700000,,,2400000,9100000,,0.05,,5400000,6300000,,14300000,0,,5500000,,300000,,,,,,
1986-12-31,,22300000,21500000,2500000,0,400000,,0.03,4300000,2600000,,6666667,0,30400000,1100000,-8900000,2600000,200000,,,0,,,400000,,1200000,,,6666667,,3800000,,0,,,,1200000,11900000,,19100000,,28600000,200000,1000000,0,12700000,500000,8100000,,,,,,1300000,800000,,,2600000,9500000,,0.03,,5600000,6300000,,13800000,0,,5300000,,200000,,,,,,
1987-12-31,,22200000,21200000,2700000,0,,,0.02,3800000,2500000,,7633000,0,31300000,1100000,-10100000,2700000,200000,,,0,,,400000,,1100000,,,7633000,,4100000,,0,,,,1400000,11800000,,18000000,,27800000,200000,1000000,0,12100000,600000,7700000,,,,,,1400000,1000000,,,2500000,9800000,,0.02,,5800000,5600000,,13200000,0,,4800000,,200000,,,,,,
1988-12-31,,21600000,20600000,700000,0,100000,,-0.14,4800000,3300000,,7857143,0,31900000,600000,-11300000,2900000,-1100000,,,0,,,400000,,1200000,,,7857143,,2300000,,0,,,,-600000,9200000,,16900000,-500000,27600000,-1100000,1000000,0,10500000,300000,6900000,,-1600000,,,,1600000,1000000,,,3300000,10700000,,-0.14,,4700000,6000000,,11100000,0,,5800000,,-1100000,,,,,,
1989-12-31,,21300000,20400000,1100000,100000,200000,,-0.08,6900000,5200000,,10000000,0,32800000,200000,-12400000,2800000,-800000,,,0,,,200000,,1200000,,,10000000,,2700000,,0,,,,-100000,10100000,,18800000,-400000,28700000,-800000,400000,0,11200000,400000,7400000,,-1200000,,,,1600000,900000,,,5200000,9900000,,-0.08,,4000000,7400000,,11500000,0,,7300000,,-800000,,,,,,
1990-12-31,,21600000,20700000,500000,2300000,2600000,,0.04,9200000,7100000,,10000000,0,34300000,1600000,-13600000,3000000,400000,,,0,,,300000,,1000000,,,10000000,,2200000,,0,,,,-800000,13200000,,18900000,300000,31200000,400000,1200000,0,4600000,600000,11000000,,700000,,,,1700000,900000,,,7100000,12300000,,0.04,,6300000,9600000,,8500000,0,,10400000,,400000,,,,,,
1991-12-31,,21800000,21100000,2400000,2200000,500000,100000,0.07,7300000,7100000,-1400000,11250000,7100000,35900000,1900000,-14800000,3300000,900000,,-2300000,-2200000,,,200000,,100000,,,11250000,0,4200000,300000,1300000,,,600000,900000,17300000,100000,18700000,500000,32000000,900000,1100000,0,3400000,800000,13100000,2800000,1400000,,,,1800000,700000,,,7100000,13300000,,0.08,1500000,7100000,10200000,,7500000,3600000,,11200000,,900000,,,,,,
1992-12-31,,22500000,21900000,3900000,2200000,400000,2100000,0.14,7100000,9200000,-1200000,10625000,7100000,37900000,2400000,-16000000,3500000,1700000,,-2800000,-2600000,,,300000,,100000,,,12142857,-100000,5700000,500000,3100000,300000,,1600000,2200000,22700000,200000,19300000,900000,34600000,1700000,1200000,0,2000000,500000,17000000,4400000,2600000,,,,1800000,600000,100000,-100000,9200000,15300000,,0.16,1700000,8900000,12100000,,6600000,5900000,,12700000,,1700000,,,,,,
1993-12-31,,22900000,22400000,3400000,200000,300000,1300000,0.17,10300000,10600000,-1400000,8888889,9200000,39900000,2600000,-17500000,3600000,1300000,,-2600000,-2200000,-100000,,400000,,100000,,,9411765,100000,5300000,200000,2300000,,,1600000,1700000,20500000,300000,19200000,300000,36400000,1600000,100000,0,3200000,500000,15200000,2800000,1600000,,,,1900000,500000,-100000,-1900000,10600000,17200000,,0.18,1700000,10500000,13500000,,6000000,4900000,,13200000,,1600000,,,,,,
1994-12-31,,26200000,25800000,3200000,300000,100000,-1700000,0.08,11200000,8900000,0,12500000,10600000,45000000,2800000,-19200000,4000000,1000000,,-5600000,-5300000,,,400000,,300000,,,12500000,100000,5400000,100000,-1900000,,,600000,1400000,23800000,0,19900000,200000,38300000,1000000,,0,3100000,800000,18400000,2500000,1200000,300000,,,2200000,400000,-100000,,8900000,18400000,,0.08,1800000,11400000,12100000,,6200000,3700000,,13700000,,1000000,,,,,,
1995-12-31,,27400000,27100000,4300000,600000,100000,1100000,0.12,12600000,10100000,-600000,11538462,8900000,48200000,2900000,-21100000,4200000,1500000,,-3900000,-3600000,200000,,200000,,300000,,,12500000,0,6300000,100000,1400000,,,1200000,2100000,22300000,300000,20700000,400000,40600000,1500000,,0,2500000,900000,16000000,2100000,1900000,,,,2000000,300000,100000,,10100000,19900000,,0.13,2200000,12900000,13200000,,6000000,5300000,,14700000,,1500000,,,,,,
1996-12-31,,35000000,34400000,7300000,1100000,0,10600000,0.31,21300000,20600000,2000000,11290323,10100000,56900000,3100000,-22500000,4600000,3500000,,-10400000,-8300000,-300000,,600000,,400000,,,11428571,100000,9600000,200000,6500000,100000,,10700000,5000000,49600000,1400000,40500000,1100000,63600000,3500000,,0,5300000,700000,40000000,9700000,4600000,,,,2300000,600000,,-1000000,20600000,23100000,,0.31,2300000,16400000,28600000,,9500000,16900000,,31000000,,3500000,,,,,,
1997-12-31,,44500000,43600000,12700000,1600000,0,25900000,0.61,27600000,46600000,19700000,11343284,20600000,67800000,3600000,-24200000,5000000,7600000,,-13700000,-11900000,300000,,300000,,300000,,,12459016,0,15000000,100000,4400000,25000000,,7600000,10000000,73900000,0,42600000,2100000,98400000,7600000,,0,,2100000,58900000,9800000,9700000,,,,2300000,900000,-100000,,46600000,55800000,,0.67,2700000,24000000,53900000,,5200000,18100000,,37400000,,7600000,,,,,,
1998-12-31,,67300000,65400000,11900000,2300000,100000,-11700000,0.41,31300000,34900000,0,15581395,46600000,92800000,3800000,-27400000,5800000,6700000,,-26600000,-25300000,-400000,,700000,,,,,16341463,,14400000,200000,-13000000,,,3300000,8600000,83000000,0,48600000,2000000,111300000,6700000,,0,,2400000,68600000,11200000,8700000,,,,2500000,1900000,-100000,,34900000,62700000,,0.43,3300000,30700000,44000000,,6100000,13600000,,42500000,,6700000,,,,,,
1999-12-31,,89800000,87100000,14300000,3200000,0,-5800000,0.48,30100000,29100000,9300000,15600000,34900000,118300000,4100000,-31200000,6800000,7800000,,-27800000,-25900000,100000,,600000,,200000,,200000,16250000,0,17100000,100000,-17100000,,,-1500000,10300000,96800000,0,61400000,2300000,132100000,7800000,,29100000,9300000,2300000,79700000,14700000,10100000,,,,2800000,2700000,100000,,29100000,70700000,,0.5,4000000,38500000,42300000,,16600000,10700000,,44800000,,7800000,,,,,,
2000-12-31,,108931800,105953900,22408700,4396800,0,15488800,0.65,50229400,46872000,8145600,16183333,28444900,141298600,5708800,-35344700,10565900,10681000,,-27932100,-27987300,-520300,,1097900,,1186000,,162400,16432308,0,26025600,1838300,7398400,95600,,15388700,15459700,141216500,-2324000,105427600,3592700,187684500,10681000,,43933700,17350000,7134800,115190900,27742600,14273700,,,,3616900,2977900,,,46872000,82256900,,0.66,6949000,49177500,78752700,,27455600,35330500,,77972000,,10681000,,,,,,
2001-12-31,,135146700,132540500,32660000,4082700,0,3958600,0.9,36243000,47892300,10650000,16269348,43933700,178350000,9710800,-45809500,14724000,14967800,,-42661100,-35261700,-20000,,1117900,,993400,,162400,16630889,0,36800200,4002300,-14090800,,-457400,-1770400,22076200,177123100,7387200,103079300,6115000,199852100,14967800,,47892300,28000000,0,140322900,17118600,21082800,,,,4145700,2606200,,,47892300,96772800,7924200,0.92,10583800,64145300,64705400,10752600,41793500,28570300,,61285800,,14967800,,,,,,
2002-12-31,,140592200,138115100,23677200,4137200,2853600,370700,0.58,52463400,48263000,-6616300,15736949,47892300,195258800,12103300,-57143700,16495200,9284800,,-19777000,-21185900,-56200,,1174100,,1339800,,157300,16008276,0,28063600,2986400,8395900,78800,-1782000,2689300,11568400,132488300,-1434700,111129400,3797400,212251600,9284800,,48263000,25000000,0,104424700,17425500,13082200,,,,4391900,2477100,,-3695100,48263000,101122200,,0.59,12108800,73430100,71659400,,41240500,28172900,,69888900,,9284800,,,,,,
2003-12-31,,195354400,194682200,50414900,3180300,3499100,30249900,1.39,58869700,78512900,27251300,15599379,48263000,265864300,21800200,-71182100,19127800,22817700,,-73042300,-70609300,-1383600,,2557700,,1329100,,156200,16272734,0,55380400,8870700,565600,,-1178900,26454600,36252600,202851000,2276200,183117400,12105800,306722000,22619100,,78512900,53000000,0,147470600,29453000,34923500,,,,4974400,672200,,-748700,78512900,123604600,16814200,1.45,14162300,96049200,111367600,22523600,77980500,73607900,,105136900,,22619100,,,,,,
2004-12-31,,220763400,220006900,73439300,4711000,1945700,-1442500,2.05,72919600,77070400,-31164700,16219333,78512900,308348200,29843200,-88341300,22463800,34060600,,-45391800,-42144700,357000,,1657300,,874300,,165800,16614927,0,77941200,10443600,26475100,3584400,-3287000,9088100,55477400,290719800,3152400,176720100,20542500,341393000,34060600,,77070400,21000000,0,212778600,42438400,54603100,,,,4505600,756500,,-2749100,77070400,164672900,5807900,2.1,17961900,130109800,120629600,33902800,55554200,71866900,,121165900,,34060600,,,,,,
2005-12-31,,280383700,277158200,97954600,15398700,1379200,13039700,2.52,125387800,90110100,-5290200,16384071,77070400,388764100,26888500,-111605900,17329200,41451700,,-106468500,-94041700,-3397600,,5054900,,682300,,162800,16449087,-423000,93507400,3350600,5903100,11600,-824600,38814900,76178200,332385800,2829200,260819600,24676100,449084900,41451700,,90110100,24000000,15022300,238878400,65004100,66127800,,,,6960300,3225500,,-7878800,90110100,188265300,4140500,2.53,21776400,158504200,168701200,57013300,66287200,112371600,,194532400,,41451700,,,,,,
2006-12-31,,613273000,394217000,417053000,48916000,339368000,104216000,15.11,136879000,194326000,46452000,15663505,90110000,537470000,116393000,-143253000,-286586000,237772000,,-146180000,-9626000,1987000,6783000,3345000,,2443000,,148000,15736069,-90000,95216000,86431000,-78790000,31000,,33677000,381802000,275135000,-198534000,524143000,149637000,884287000,237772000,20000000,194326000,117000000,20989000,179919000,75270000,387409000,,,,19047000,212273000,-1709000,-66489000,194326000,360144000,9685000,15.18,35251000,360102000,271014000,51835000,282309000,67390000,,241834000,,237772000,,,,,,
2007-12-31,,858686000,845864000,132045000,40699000,33291000,-109575000,2.24,136762000,84751000,97542000,14759556,194326000,1055236000,136490000,-209372000,68521000,33209000,,-238988000,-267421000,1285000,,2248000,,9279000,,149000,14825446,5000,129328000,12201000,-178684000,183000,,-35322000,60807000,305235000,192527000,654194000,20981000,1050479000,33209000,,84751000,235000000,18460000,175907000,92330000,54190000,,,,30968000,12822000,12300000,-646000,84751000,395526000,12913000,2.25,71238000,393044000,191793000,71561000,412189000,60304000,,242005000,,33209000,,,,,,
2008-12-31,-459500000,1105967000,1033078000,307475000,71798000,-45105000,-33801000,7.63,56802000,167831000,150139000,14734590,84751000,1358689000,162593000,-325611000,142290000,113309000,0,-323153000,-323041000,-2062000,,4300000,6702000,28132000,-17475000,149000,14850459,-4540000,344599000,59079000,-184052000,,,-61141000,202309000,609360000,-426000,890429000,61459000,1402704000,113309000,,50950000,394867000,0,264761000,131072000,174768000,,1591000,,37715000,72889000,11690000,-5549000,50950000,511581000,25125000,7.69,,505906000,296737000,86430000,629258000,139101000,10282000,261171000,116881000,113309000,,,,,,
2009-12-31,-399586000,1072957000,1008193000,41290000,24542000,-9583000,-19006000,-4.82,48464000,31944000,-20623000,16448000,50950000,1463948000,178012000,-455755000,207876000,-81206000,,-143033000,-142278000,,,,5935000,37208000,27479000,192000,16448000,45751000,127491000,-18084000,862000,48490000,,-26319000,-80385000,254771000,0,711734000,-45716000,1250327000,-79277000,,31944000,280657000,42223000,127280000,49860000,-126922000,,,0,53985000,29063000,9706000,-364000,31944000,490915000,21261000,-4.82,,426629000,177370000,64447000,567300000,143895000,-7566000,144434000,0,-79277000,,,,,,
2010-12-31,-494500000,1212212000,1120038000,152425000,38030000,60065000,22428000,0.31,47642000,54372000,171547000,19674000,31944000,1630899000,187999000,-510861000,171697000,6921000,,-320774000,-300932000,,,,5314000,33250000,2122000,235000,19821000,11829000,152924000,1179000,-168961000,125506000,,19556000,-18773000,287756000,-3527000,746794000,1192000,1389035000,6214000,,54372000,295695000,42953000,134832000,68987000,8113000,,,0,42188000,39232000,12103000,-788000,54372000,642165000,27774000,0.32,,432843000,176823000,65426000,586165000,151813000,-3812000,160629000,0,6214000,,,,,,
2011-12-31,-183713000,1524955000,1301716000,175034000,31695000,-24963000,-46134000,0.56,56568000,8238000,243433000,23521000,54372000,1954561000,207573000,-652845000,190361000,3078000,,-480390000,-456401000,,,,8781000,36985000,-3451000,236000,23871000,13095000,255157000,9530000,-313556000,0,,609000,64796000,395960000,849000,1033893000,-183000,1698005000,13437000,,8238000,532157000,60809000,140803000,86203000,2895000,,,0,61454000,179228000,-26527000,-3143000,8238000,664112000,33326000,0.57,,446280000,173050000,68441000,838847000,166834000,,195046000,0,13437000,,,,,,
2012-12-31,-1061590000,1654899000,1616706000,-38455000,23612000,-187079000,-5781000,-4.72,52667000,2457000,271437000,27677000,8238000,2560047000,148427000,-943341000,85480000,-144786000,,-659952000,-451939000,,,,8495000,48287000,6843000,303000,27677000,-11969000,87217000,-80379000,-485231000,164496000,,10835000,1737000,356133000,14469000,1123667000,-88835000,1826848000,-130712000,,2457000,676579000,59621000,268916000,88012000,-233621000,,,,58815000,31310000,31394000,-1500000,2457000,703181000,36771000,-4.72,,315568000,171949000,52888000,920318000,174721000,-5050000,203349000,,-130712000,,,,,,
2013-12-31,-283500000,1699390000,1653445000,140147000,25545000,-54827000,190786000,-0.69,48093000,193243000,248729000,32426000,2457000,2207338000,118767000,-553893000,75594000,-26472000,,-404606000,-217108000,,,,12880000,51898000,-41509000,357000,32426000,137000,140580000,-15883000,-245441000,275847000,,-48585000,64986000,411314000,7579000,1057609000,-14797000,2025203000,-22301000,,193243000,656990000,2572000,270734000,109596000,-41269000,,,,63969000,40344000,11990000,-4133000,193243000,967594000,32310000,-0.69,,293267000,325813000,79081000,844189000,159165000,-11485000,213420000,,-22301000,,,,,,
2014-12-31,-200000000,1999869000,1800186000,426726000,30033000,-164039000,-177177000,4.24,27756000,16066000,60269000,35784000,193243000,2631885000,125693000,-831699000,120221000,107261000,,-628592000,-474135000,,,,17518000,47842000,-34598000,359000,36678000,1911000,508040000,88474000,-391903000,0,,-13486000,387819000,856207000,0,1203229000,69967000,2340588000,155435000,,16066000,664923000,187495000,348167000,130321000,177228000,,,,115859000,86864000,9317000,-5392000,16066000,1137359000,71826000,4.34,,448702000,340719000,50043000,892838000,236689000,21453000,310391000,,155435000,,,,,,
2015-12-31,-416208000,2038494000,1937678000,244241000,24398000,-161235000,-15216000,-1.74,31489000,850000,177974000,39153000,16066000,3093915000,143452000,-1156237000,154346000,-68280000,,-604668000,-604263000,,,,20068000,47571000,24769000,402000,39153000,387000,251757000,-41415000,-193595000,202851000,,-9701000,97411000,595326000,0,1083346000,-38308000,2370543000,-68280000,112940000,850000,529437000,221659000,343569000,92613000,-106588000,,,,146951000,56429000,11478000,-6056000,850000,1287197000,37766000,-1.74,,380422000,332049000,41873000,782014000,411073000,-30310000,301332000,,-68280000,,,,,,
2016-12-31,-237000000,4086017000,4008266000,85723000,37482000,-9930000,243250000,-5.01,124934000,244100000,1266113000,49052000,850000,5571238000,400867000,-1562972000,228207000,-245928000,,-1514071000,-1509126000,,62041000,,19502000,61972000,-32627000,657000,49052000,-16133000,-93977000,-137249000,-1027808000,855074000,,19476000,-322184000,382915000,0,1863088000,-147195000,4485842000,-245928000,0,244100000,1043954000,8791000,476892000,66322000,-393123000,,,,172420000,13324000,25850000,-6935000,244100000,2622754000,19260000,-5.01,,134208000,399825000,106311000,1592510000,486263000,-162000,270578000,,-245928000,,,,,,
2017-12-31,-519375000,4018667000,3933467000,208346000,57333000,-384989000,-63425000,-1.94,175113000,180675000,64998000,65837000,244100000,5770582000,191992000,-1837115000,236605000,-127504000,-49890000,-757930000,-716986000,,0,,19353000,78694000,-60546000,659000,65837000,-1321000,358595000,-203685000,-169367000,0,,6494000,121990000,921616000,30953000,1912242000,-211928000,4419891000,-127504000,,180675000,1151932000,14338000,563021000,150067000,-339432000,49890000,,,210011000,85200000,62775000,-6672000,180675000,2507649000,15244000,-1.94,,6704000,401224000,154260000,1494606000,588563000,31378000,417636000,,-127504000,,,,,,
2018-12-31,-1040000000,4269685000,4002862000,637952000,92664000,-458791000,-180526000,0.03,109148000,1398000,18099000,66059000,189925000,6373157000,198096000,-2370295000,324569000,2023000,0,-1137431000,-1087927000,,,,21782000,70730000,12025000,661000,66303000,-9254000,861106000,6105000,-248129000,0,,80863000,536537000,1548659000,1249000,2017437000,5406000,4544145000,2023000,,9399000,1194876000,,687553000,181864000,7429000,0,,,301461000,173101000,20720000,-5147000,1398000,2526708000,34836000,0.03,,8727000,274460000,155756000,1576423000,889302000,16261000,441014000,,2023000,,,,,,
2019-12-31,-1607452000,4144650000,4095202000,655329000,3337000,-48270000,-8436000,,101314000,,-188890000,,9399000,7107787000,195841000,-3012585000,325489000,-56672000,0,-889954000,-677772000,,,,23837000,71171000,-88304000,617000,,-72000,384864000,-2256000,-31728000,,,32802000,59375000,1156123000,8001000,2113173000,-3322000,4448680000,-56672000,,963000,1177226000,,771259000,98934000,-59994000,0,,,304001000,45702000,22847000,-158366000,963000,2335507000,22753000,,,-47945000,304030000,149758000,1751943000,858226000,-29578000,361230000,,-56672000,,,,195997000,,