date,annualChangeInCashSupplementalAsReported,annualGrossPPE,annualOtherNonCurrentLiabilities,annualNetIncomeCommonStockholders,annualBeginningCashPosition,annualInterestExpense,annualDilutedAverageShares,annualSellingGeneralAndAdministration,annualOtherIncomeExpense,annualCapitalExpenditure,annualDilutedEPS,annualRepaymentOfDebt,annualTotalNonCurrentAssets,annualOtherCurrentLiabilities,annualBasicAverageShares,annualInventory,annualCashFlowFromContinuingFinancingActivities,annualChangeInInventory,annualNetIncomeContinuousOperations,annualCostOfRevenue,annualTotalRevenue,annualCapitalStock,annualPurchaseOfBusiness,annualNetOtherFinancingCharges,annualStockBasedCompensation,annualCurrentDebt,annualFreeCashFlow,annualAccumulatedDepreciation,annualTotalLiabilitiesNetMinorityInterest,annualDeferredIncomeTax,annualGrossProfit,annualOperatingExpense,annualChangeInWorkingCapital,annualNonCurrentDeferredTaxesLiabilities,annualGoodwill,annualTotalAssets,annualRetainedEarnings,annualNetIncome,annualPurchaseOfInvestment,annualAccountsReceivable,annualPretaxIncome,annualCashDividendsPaid,annualInvestingCashFlow,annualAccountsPayable,annualOtherNonCashItems,annualOtherCurrentAssets,annualDepreciationAndAmortization,annualLongTermDebt,annualOperatingIncome,annualStockholdersEquity,annualEndCashPosition,annualTaxProvision,annualCurrentLiabilities,annualCurrentAccruedExpenses,annualBasicEPS,annualTotalNonCurrentLiabilitiesNetMinorityInterest,annualChangeInAccountPayable,annualCommonStockIssuance,annualInvestmentsAndAdvances,annualSaleOfInvestment,annualCashCashEquivalentsAndMarketableSecurities,annualOtherIntangibleAssets,annualRepurchaseOfCapitalStock,annualNetPPE,annualGainsLossesNotAffectingRetainedEarnings,annualEbitda,annualOperatingCashFlow,annualOtherNonCurrentAssets,annualCashAndCashEquivalents,annualCurrentAssets,annualNetOtherInvestingChanges,annualResearchAndDevelopment,annualCurrentDeferredRevenue,annualChangesInAccountReceivables,annualOtherShortTermInvestments,annualNonCurrentDeferredRevenue,annualIncomeTaxPayable
1994-12-31,-100000,1700000,100000,1100000,900000,4200000,16849716,17100000,-100000,-400000,0.065283,,31000000,2800000,16117216,13300000,2000000,-5600000,1100000,77100000,102000000,,,0,,2000000,0,-400000,47700000,300000,24900000,18700000,-3500000,400000,,50700000,1100000,1100000,,,1900000,,-2500000,6400000,100000,300000,1600000,36000000,6200000,3000000,0,800000,11200000,,0.06825,36500000,,,,,800000,26700000,,1300000,,7800000,400000,3000000,800000,19700000,-2100000,,,,,,
1995-12-31,1200000,4500000,0,1500000,800000,5100000,17117151,26900000,-600000,-900000,0.097924,,35500000,3100000,16095203,25200000,12300000,-3700000,2300000,122600000,161100000,,,-200000,,2900000,-100000,-1000000,43100000,900000,38500000,29000000,-6300000,800000,,75400000,2700000,1500000,,,3800000,,-11800000,12700000,100000,600000,2100000,23600000,9500000,32300000,0,1500000,18700000,,0.103859,24400000,,20500000,,,2000000,29700000,,3500000,,11600000,800000,2300000,2000000,39900000,-11000000,,,,,,
1996-12-31,2600000,6000000,0,4500000,2000000,3200000,49070812,40700000,800000,-800000,0.092181,,40100000,7900000,48102609,42100000,-2700000,4900000,4500000,182800000,235800000,,,0,,15400000,6800000,-1600000,76400000,1000000,53000000,43200000,-1000000,2100000,,113200000,7200000,4500000,,,7400000,,-2400000,15100000,100000,1100000,2500000,35900000,9800000,36800000,0,2900000,38400000,,0.093937,38000000,,,,,4600000,33000000,,4400000,,12300000,7600000,2700000,4600000,73100000,-1700000,,,,,,
1997-12-31,17700000,7000000,100000,7100000,4600000,4500000,50050406,56800000,900000,-1100000,0.140905,,40000000,6100000,48736687,48300000,11400000,-7100000,7100000,260700000,335000000,,,0,,6700000,6200000,-2200000,69900000,1300000,74300000,59400000,-4500000,3600000,,136500000,14300000,7100000,,,11400000,,-1000000,20300000,-200000,1100000,2600000,33100000,14900000,66600000,0,4300000,33100000,,0.144856,36800000,,22700000,,,22300000,32600000,,4800000,,17500000,7300000,2600000,22300000,96500000,0,,,,,,
1998-12-31,-17400000,8700000,0,13700000,22300000,3500000,60299437,76100000,700000,-31700000,0.22716,,51600000,10900000,58856625,69400000,-6000000,-8800000,13700000,353700000,457600000,,,-100000,,5000000,-12300000,-3300000,83200000,-600000,103900000,79400000,1900000,4000000,,163800000,28000000,13700000,,,21700000,,-30800000,34600000,-100000,3300000,3300000,28700000,24500000,80600000,0,8000000,50500000,,0.233086,32700000,,200000,,,4900000,43900000,,5400000,,27800000,19400000,2300000,4900000,112200000,0,,,,,,
1999-12-31,-1000000,11200000,-100000,21100000,4900000,3100000,60147562,92500000,-200000,-29600000,0.34963,,61700000,12600000,58274437,84300000,-9400000,-3100000,21600000,434900000,569800000,0,,-100000,,5000000,7700000,-4400000,96500000,100000,134900000,97100000,10500000,5100000,,194100000,49100000,21100000,,,34500000,,-28900000,51100000,,3200000,4600000,22800000,37800000,97600000,4000000,12900000,68700000,,0.361481,27800000,,2800000,,,4000000,49700000,-6200000,6800000,-600000,42400000,37300000,5200000,4000000,132400000,0,,,,,,
2000-12-31,-527000,13622000,0,28076000,3958000,3639000,59879250,110919000,617000,-4289000,0.468148,,73725000,14878000,57341250,116849000,10647000,-23195000,28076000,505467000,669761000,17000,,0,,6250000,14014000,-4393000,128710000,-988000,164294000,116050000,-15250000,4697000,,251905000,77167000,28076000,,,45222000,,-29141000,68144000,,4645000,5131000,34741000,48244000,123195000,3431000,17146000,89272000,,0.488889,39438000,,1799000,,,3431000,59744000,-4377000,9229000,-1168000,53375000,18303000,4752000,3431000,178180000,0,,,,,,
2001-12-31,93000,25853000,0,35444000,3431000,5035000,60131250,155989000,1370000,-6325000,0.591111,,98257000,0,57206250,181462000,30267000,-34912000,35444000,633360000,856053000,27000,,0,,91000,20428000,-10009000,204018000,1380000,222693000,158168000,-17140000,5541000,73582000,348590000,112611000,35444000,,60231000,58585000,,-56957000,95588000,,0,8107000,85000000,64525000,144572000,3524000,23141000,113477000,17798000,0.617778,90541000,,3125000,,,3524000,,-16958000,15844000,-1852000,72632000,26753000,8831000,3524000,250333000,0,,,,,,
2002-12-31,1608000,41034000,3542000,41303000,3524000,4977000,57431250,182845000,0,-6430000,0.72,,139020000,0,54519750,183720000,-6219000,16635000,41303000,727714000,983246000,23000,,0,,885000,52729000,-20113000,260153000,5937000,255532000,182845000,5306000,12536000,,402094000,78847000,41303000,,70142000,67710000,,-51766000,93307000,,0,6842000,125175000,72687000,141941000,5132000,26407000,118900000,24708000,0.755556,141253000,,1111000,,,5132000,115707000,-47505000,20921000,-484000,79529000,59159000,2392000,5132000,263074000,0,,,,,,
2003-12-31,7680000,49958000,4489000,50848000,5132000,4669000,55773000,227112000,0,-8351000,0.913333,,153876000,0,53058000,193905000,-42351000,2030000,50848000,840694000,1155832000,35000,,42418000,,82668000,69783000,-25315000,255031000,7456000,315138000,227112000,10001000,20958000,,450272000,126359000,50848000,,83824000,83357000,,-30123000,118312000,,0,8940000,3607000,88026000,195241000,12812000,32509000,225977000,24997000,0.96,29054000,,4322000,,,12812000,126771000,-3336000,24643000,985000,96966000,78134000,2462000,12812000,296396000,0,,,,,,
2004-12-31,8950000,42407000,3140000,66941000,12812000,3855000,56139000,257240000,0,-6063000,1.19,,157331000,0,52838000,195787000,-34938000,-2681000,66941000,940019000,1310853000,52000,,0,,43945000,49889000,-23812000,260531000,703000,370834000,257240000,-21185000,11625000,,480866000,141772000,66941000,-6961000,97589000,109739000,-10706000,-13668000,113114000,,0,10275000,50420000,113594000,220335000,21762000,42798000,195346000,38287000,1.27,65185000,,6917000,,,21762000,117304000,-40823000,18595000,1782000,123869000,55952000,21432000,21762000,323535000,0,,,,,,
2005-12-31,5104000,53352000,2134000,83621000,21762000,6434000,55634000,292191000,1467000,-8361000,1.5,,224243000,0,52445000,330575000,69518000,-103579000,83621000,1120211000,1552659000,52000,,-243000,,67007000,29724000,-27754000,463656000,-5096000,432448000,292191000,-47768000,14600000,,736636000,176362000,83621000,-3539000,141785000,133823000,-17862000,-101863000,174170000,,0,9798000,129100000,140257000,272980000,26866000,51669000,317822000,76645000,1.59,145834000,,19322000,,,26866000,162384000,-32091000,25598000,1436000,150055000,38085000,36261000,26866000,512393000,0,,,,,,
2006-12-31,-10132000,66729000,1908000,95024000,26866000,15196000,54662000,372566000,1597000,-14777000,1.74,,255141000,12565000,51866000,332069000,-41586000,5882000,95024000,1369814000,1909762000,50000,,14471000,,78636000,54233000,-33096000,496878000,-4521000,539948000,372566000,-26564000,15023000,154244000,774562000,129932000,95024000,,51116000,152186000,-21080000,-41439000,177544000,-5304000,0,12904000,188157000,167382000,277684000,16734000,58759000,291790000,19006000,1.83,205088000,,7220000,,,16734000,18726000,-111112000,33633000,6215000,180286000,69010000,35796000,16734000,519421000,0,,,,,,
2007-12-31,-909000,69450000,5664000,69394000,16734000,22148000,50802000,396872000,922000,-10626000,1.37,,260845000,21205000,48887000,379663000,-63957000,-48001000,69394000,1397721000,1928367000,47000,,7330000,,71766000,61018000,-35227000,606063000,-3747000,530646000,396872000,-11052000,17714000,155247000,814854000,29044000,69394000,,45257000,111626000,-22734000,-12638000,194178000,4573000,0,13983000,279525000,133774000,208791000,15825000,43154000,303160000,13867000,1.42,302903000,,7292000,,75000,15825000,14504000,-139676000,34223000,7704000,147757000,71644000,39596000,15825000,554009000,0,,,,,,
2008-12-31,-63000,75198000,5848000,56956000,15825000,18912000,48444000,399752000,-1697000,-7003000,1.18,,274062000,0,47758000,405914000,-44726000,-11098000,56956000,1268455000,1783683000,48000,,-43053000,,26903000,86279000,-42150000,589172000,-2198000,515228000,399752000,12998000,20032000,169567000,830906000,54407000,56956000,,16311000,96564000,-24431000,-41304000,173688000,11843000,0,13454000,301000000,115476000,241734000,15762000,37911000,262292000,61701000,1.19,326880000,,6423000,,,15762000,13339000,-7718000,33048000,-2386000,128930000,93282000,36784000,15762000,556844000,0,,,,,,
2009-12-31,81000,80860000,7779000,19202000,15762000,9667000,49049000,361284000,-28614000,-7168000,0.39,-583491000,254553000,0,48649000,355528000,-99344000,56676000,19202000,1090070000,1539794000,49000,-10937000,2408000,6429000,48236000,106082000,-49428000,493683000,,449724000,361284000,52851000,24691000,176923000,745870000,47128000,19202000,,,78773000,-25310000,-18105000,178391000,-4715000,0,11545000,200700000,88440000,252187000,15843000,30957000,260513000,33886000,0.39,233170000,-1815000,4283000,1006000,0,15843000,13917000,-1171000,31432000,2226000,99985000,113250000,31275000,15843000,491317000,0,,,,,,
2010-12-31,-6122000,86211000,7532000,57638000,15843000,6619000,50161000,370017000,0,-8078000,1.15,-506793000,251953000,0,49469000,347439000,-85158000,15951000,57638000,1142484000,1613746000,49000,-6173000,1732000,7790000,134000,85881000,-55526000,443363000,,471262000,370017000,23464000,25593000,178516000,728545000,67681000,57638000,,,94626000,-25746000,-14251000,169700000,-4279000,0,11328000,198700000,101245000,285182000,9721000,37093000,211538000,41704000,1.17,231825000,-14417000,6293000,966000,,9721000,12965000,-13683000,30685000,1052000,112573000,93959000,28821000,9721000,476592000,0,,,,,,
2011-12-31,7766000,101277000,7726000,71993000,9721000,7964000,48987000,406523000,0,-19454000,1.47,-700898000,260621000,14281000,48158000,386924000,-40554000,-35339000,71993000,1261728000,1793318000,47000,-5934000,944000,8233000,22000,55649000,-59883000,518876000,,531590000,406523000,-17093000,32993000,177103000,798622000,34299000,71993000,-190000,108794000,117103000,-26470000,-25578000,177437000,73843000,0,11305000,247300000,125067000,279746000,17487000,45319000,230857000,53398000,1.49,288019000,6402000,13085000,980000,,17487000,11738000,-76564000,41394000,2220000,136372000,75103000,29406000,17487000,538001000,0,,,,,,
2012-12-31,-5024000,114822000,6622000,81972000,17487000,6469000,48058000,415592000,-6946000,-16271000,1.71,-624363000,237480000,18012000,46937000,400308000,-102644000,-9232000,81972000,1386567000,1953974000,46000,-4699000,4487000,8465000,23000,102807000,-68256000,498953000,3168000,567407000,415592000,10358000,13453000,169983000,780576000,5377000,81972000,,113859000,138400000,-29135000,-21208000,199787000,3375000,2633000,12876000,230882000,151815000,281623000,12463000,56744000,247996000,48186000,1.75,250957000,20253000,20205000,1160000,,12463000,11053000,-81761000,46566000,-134000,164691000,119078000,8718000,12463000,543096000,-238000,,,,,,
2013-12-31,-4457000,130002000,8147000,97330000,12463000,6748000,47530000,425791000,0,-18742000,2.05,-733410000,246012000,19577000,46282000,429197000,-89485000,-27291000,97330000,1488423000,2079700000,45000,-1244000,3567000,8150000,9000,86346000,-77674000,537579000,707000,591277000,425791000,-9981000,19108000,171974000,823761000,-27278000,97330000,,45138000,158738000,-33808000,-19861000,214596000,-434000,132000,14596000,246418000,165486000,286182000,8006000,61590000,263906000,49301000,2.1,273673000,14007000,21409000,1243000,,8006000,10196000,-96179000,52328000,2912000,180082000,105088000,10271000,8006000,577749000,125000,,,,,,
2014-12-31,6824000,145607000,10751000,110692000,8006000,7485000,45441000,454470000,0,-17328000,2.44,-872504000,255724000,12705000,44281000,466962000,-81983000,-30409000,111030000,1603222000,2246562000,44000,-10648000,5130000,9065000,1529000,104487000,-89132000,648585000,6986000,643340000,454470000,-14856000,23504000,173924000,892937000,-90650000,110692000,,51014000,181385000,-37600000,-27811000,236294000,6145000,124000,15882000,319309000,188870000,244352000,14830000,70559000,291908000,54085000,2.5,356677000,20090000,13530000,1244000,,14830000,11995000,-136466000,56475000,-3662000,204752000,121815000,12086000,14830000,637213000,165000,,,,,,
2015-12-31,-1593000,167866000,14955000,128275000,14830000,8072000,44254000,459422000,0,-29095000,2.9,-1054354000,274287000,12179000,43105000,474275000,-107804000,-10848000,128224000,1687495000,2363139000,43000,-4483000,7386000,9543000,1700000,116955000,-98012000,680288000,4198000,675644000,459422000,-6794000,29808000,172761000,936031000,-104709000,128275000,,54173000,208150000,-43117000,-37793000,246554000,4832000,27000,17388000,328015000,216222000,255743000,13237000,80137000,304845000,56591000,2.98,375443000,9956000,18269000,1231000,,13237000,11845000,-99219000,69854000,-13729000,233610000,146050000,18596000,13237000,661744000,-4215000,,,,,,
2016-12-31,8719000,192671000,18966000,148955000,13237000,14481000,42984000,485228000,-28962000,-34352000,3.47,-1218094000,298538000,14859000,41872000,486116000,-99672000,-8050000,148603000,1829716000,2570803000,41000,-19730000,7301000,9902000,1105000,131026000,-109381000,788885000,3749000,741087000,485228000,-16119000,34475000,184795000,994095000,-183915000,148955000,,61437000,241378000,-49749000,-55643000,230728000,7862000,1734000,21977000,436937000,255859000,205210000,21956000,92931000,296220000,64387000,3.56,492665000,-17896000,11752000,1172000,,21956000,13326000,-178414000,83290000,-14078000,277836000,165378000,15955000,21956000,695557000,-1561000,,,,,,
2017-12-31,7984000,223800000,22950000,191633000,21956000,15189000,42449000,520918000,,-39390000,4.51,-1174680000,318814000,15718000,40838000,536474000,-114449000,-35783000,191339000,1982899000,2788188000,40000,-12834000,-4001000,12482000,10835000,135921000,-122861000,877916000,-4636000,805289000,520918000,-49949000,24585000,189435000,1101062000,-196316000,191633000,,76597000,269182000,-58029000,-52220000,245249000,-3976000,4869000,25725000,508815000,284371000,223146000,29940000,77982000,321566000,65482000,4.69,556350000,5077000,11466000,1127000,,29940000,13223000,-146006000,100939000,-7328000,310096000,175311000,14090000,29940000,782248000,4000,,,,,,
2018-12-31,-13582000,248606000,24679000,234461000,29940000,20896000,41693000,556284000,,-31580000,5.62,-1207196000,325627000,12534000,40311000,672579000,-97571000,-142170000,234461000,2127924000,2998097000,40000,-2578000,-767000,12874000,9168000,87076000,-141642000,1017281000,4661000,870173000,556284000,-165840000,29399000,188472000,1240871000,-218646000,234461000,,69493000,292993000,-69430000,-34158000,237835000,8928000,3392000,27915000,657593000,313889000,223590000,16358000,58774000,305610000,58607000,5.82,711671000,-6567000,13569000,1213000,,16358000,12004000,-187469000,106964000,-10997000,341804000,118656000,16974000,16358000,915244000,,,,,,,
2019-12-31,12225000,450321000,27970000,261575000,16358000,,,583679000,,-33362000,,-1626774000,509698000,14404000,,702274000,-244486000,-14165000,261575000,2274592000,3199517000,40000,-8901000,-718000,13472000,11745000,265414000,-161386000,1073086000,3723000,924925000,583679000,-14181000,32598000,188596000,1483266000,-64740000,261575000,,18455000,317474000,-83772000,-42263000,261963000,3313000,1604000,29274000,499662000,341246000,410180000,28583000,56161000,390846000,13688000,,682240000,16860000,18574000,1227000,,,11038000,-23188000,288935000,-10359000,370520000,298776000,19902000,28583000,973568000,,,,,,,