date,annualInterestExpense,annualCurrentAssets,annualBeginningCashPosition,annualChangesInAccountReceivables,annualGrossPPE,annualOtherNonCurrentAssets,annualSellingGeneralAndAdministration,annualAccumulatedDepreciation,annualNetIncomeCommonStockholders,annualDeferredIncomeTax,annualRepaymentOfDebt,annualDilutedAverageShares,annualCapitalExpenditure,annualChangeInCashSupplementalAsReported,annualCurrentAccruedExpenses,annualOtherCurrentLiabilities,annualCurrentDebt,annualTaxProvision,annualStockBasedCompensation,annualCostOfRevenue,annualCapitalStock,annualTotalNonCurrentAssets,annualOtherCurrentAssets,annualOtherNonCashItems,annualNetOtherFinancingCharges,annualGrossProfit,annualInventory,annualTotalLiabilitiesNetMinorityInterest,annualNonCurrentDeferredTaxesLiabilities,annualFreeCashFlow,annualOperatingExpense,annualChangeInWorkingCapital,annualPurchaseOfBusiness,annualBasicAverageShares,annualNetIncomeContinuousOperations,annualChangeInInventory,annualNetIncome,annualGoodwill,annualPretaxIncome,annualTotalAssets,annualAccountsReceivable,annualLongTermDebt,annualBasicEPS,annualSaleOfInvestment,annualCommonStockIssuance,annualStockholdersEquity,annualOperatingIncome,annualDepreciationAndAmortization,annualTotalRevenue,annualPurchaseOfInvestment,annualRetainedEarnings,annualInvestingCashFlow,annualEndCashPosition,annualCashFlowFromContinuingFinancingActivities,annualDilutedEPS,annualAccountsPayable,annualTotalNonCurrentLiabilitiesNetMinorityInterest,annualOtherIncomeExpense,annualNetPPE,annualOperatingCashFlow,annualOtherIntangibleAssets,annualOtherShortTermInvestments,annualCurrentLiabilities,annualRepurchaseOfCapitalStock,annualEbitda,annualOtherNonCurrentLiabilities,annualNetOtherInvestingChanges,annualCashAndCashEquivalents,annualGainsLossesNotAffectingRetainedEarnings,annualCashCashEquivalentsAndMarketableSecurities,annualIncomeTaxPayable,annualResearchAndDevelopment,annualCurrentDeferredRevenue,annualChangeInAccountPayable,annualNonCurrentDeferredRevenue,annualCashDividendsPaid,annualInvestmentsAndAdvances
2001-12-31,3265000,,,,,,77498000,,50858000,,,31060000,,,,,,,,521946000,,,,,,165035000,,112931000,,,87304000,,,30801000,48288000,,50858000,,74466000,674095000,,,1.65,,,561164000,77731000,,686981000,,,,,,1.64,,,0,,,,,,,77731000,,,,,,,,,,,,
2002-12-31,831000,,,,,,12611000,,45009000,,,31060000,,,,,,,,503242000,,,,,,180577000,,122731000,,,76147000,,,30801000,64597000,,45009000,,103482000,639935000,,9996000.0,1.46,,,517204000,104430000,1551000.0,683819000,,,,,,1.45,,,117000,,,,,,,105981000,,,,,,,,,,,,
2003-12-31,750000,196669000.0,3575000.0,,116112000.0,0.0,68855000,,67758000,7411000.0,-302000.0,31060000,-17101000.0,-2470000.0,,4263000.0,4035000.0,38025000.0,,517896000,,463903000.0,25638000.0,-707000.0,-41926000.0,178238000,132662000.0,131379000,22286000.0,50987000.0,75599000,-16512000.0,-12576000.0,30801000,63864000,-3438000.0,67758000,308695000.0,101889000,660572000,,21170000.0,2.2,,,-530359000,102639000,14032000.0,696134000,,,-28330000.0,1105000.0,-42228000.0,2.18,,66965000.0,0,116112000.0,68088000.0,39096000.0,,64414000.0,,116671000,23509000.0,646000.0,1105000.0,-1166000.0,1105000.0,,,,,,,
2004-12-31,710000,159783000.0,1105000.0,,125246000.0,0.0,72504000,,35076000,7805000.0,-3500000.0,31060000,-21990000.0,-940000.0,,1431000.0,215000.0,26071000.0,,537970000,,473139000.0,5944000.0,7991000.0,-65909000.0,156649000,115294000.0,138167000,32407000.0,69201000.0,85081000,15861000.0,0.0,30801000,44671000,17368000.0,35076000,308695000.0,70742000,632922000,,28296000.0,1.14,,,-497217000,71568000,14863000.0,694619000,,,-22722000.0,165000.0,-69409000.0,1.13,,81241000.0,-116000,125246000.0,91191000.0,39198000.0,,56926000.0,,86431000,20538000.0,-732000.0,165000.0,-2462000.0,165000.0,,,,,,,
2005-12-31,1216000,166660000.0,165000.0,,183136000.0,0.0,117316000,-65698000.0,11576000,-4861000.0,,31108000,-14244000.0,7836000.0,,93000.0,321000.0,15174000.0,,560094000,311000.0,443037000.0,1970000.0,,-31399000.0,147637000,114562000.0,96342000,9421000.0,37564000.0,119048000,1306000.0,,30905000,12265000,2261000.0,11576000,,27439000,609697000,34636000.0,6144000.0,0.38,,2527000.0,513355000,28589000,16941000.0,707731000,,-748000.0,-14230000.0,8001000.0,-29742000.0,0.37,61457000.0,34471000.0,66000,117438000.0,51808000.0,325599000.0,,61871000.0,,45530000,18906000.0,0.0,8001000.0,-2279000.0,8001000.0,,,,,,,
2006-12-31,12985000,284771000.0,8001000.0,,277629000.0,0.0,132798000,-70432000.0,44856000,12964000.0,,31396000,-11374000.0,-7995000.0,36590000.0,0.0,543000.0,27333000.0,,738818000,312000.0,650852000.0,1604000.0,-2415000.0,-1963000.0,200578000,215766000.0,359374000,4293000.0,48252000.0,116224000,-19376000.0,,31158000,44701000,-23219000.0,44856000,382582000.0,72034000,935623000,56393000.0,239115000.0,1.44,,1482000.0,576249000,84354000,24704000.0,939396000,,44108000.0,-296778000.0,6000.0,229157000.0,1.43,51097000.0,269928000.0,19842000,207197000.0,59626000.0,61073000.0,,89446000.0,,109058000,26520000.0,0.0,6000.0,-5105000.0,6000.0,,,,,,,
2007-12-31,22036000,394275000.0,6000.0,,361748000.0,0.0,148567000,-96741000.0,41622000,5940000.0,,31351000,-19814000.0,9224000.0,41464000.0,0.0,677000.0,24873000.0,,917611000,312000.0,1061683000.0,544000.0,13580000.0,-230000.0,240291000,297692000.0,826649000,27517000.0,76588000.0,155347000,611000.0,,31203000,41652000,-27115000.0,41622000,590791000.0,66525000,1455958000,76951000.0,620452000.0,1.33,,44000.0,629309000,84944000,35147000.0,1157902000,,85724000.0,-467819000.0,9230000.0,380699000.0,1.33,102626000.0,681882000.0,3920000,265007000.0,96402000.0,202381000.0,,144767000.0,,120091000,33913000.0,0.0,9230000.0,-7097000.0,9230000.0,,,,,,,
2008-12-31,27614000,356479000.0,9230000.0,,390599000.0,0.0,177472000,-119935000.0,28224000,5314000.0,-145537000.0,31469000,-55471000.0,-6543000.0,,0.0,475000.0,10895000.0,12193000.0,1208626000,315000.0,999203000.0,4081000.0,6128000.0,377000.0,292024000,245790000.0,735551000,27485000.0,120165000.0,204899000,62428000.0,,31341000,28560000,43396000.0,28224000,560874000.0,39455000,1355682000,,475233000.0,0.9,,,620131000,87125000,45854000.0,1500650000,,113948000.0,-41839000.0,2687000.0,-139726000.0,0.9,,547281000.0,-20163000,270664000.0,175636000.0,167665000.0,,188270000.0,,112923000,44563000.0,12047000.0,2687000.0,-63394000.0,2687000.0,,,,,,,
2009-12-31,18430000,370652000.0,2687000.0,,428234000.0,0.0,188404000,-152201000.0,81314000,18596000.0,-74484000.0,32798000,-36987000.0,1728000.0,,0.0,906000.0,40760000.0,13303000.0,1185283000,320000.0,1013776000.0,4081000.0,564000.0,-167000.0,326370000,264933000.0,628199000,45381000.0,67857000.0,195561000,-44383000.0,,31982000,81314000,-14062000.0,81314000,575007000.0,122074000,1384428000,,401640000.0,2.54,2863000.0,,756229000,130809000,47343000.0,1511653000,,195262000.0,-34118000.0,4415000.0,-69725000.0,2.48,,478474000.0,9650000,276033000.0,104844000.0,162736000.0,,149725000.0,,153885000,31453000.0,0.0,4415000.0,-26951000.0,4415000.0,,,,,,,
2010-12-31,45691000,440803000.0,4415000.0,,576441000.0,24316000.0,227246000,-190250000.0,90919000,9199000.0,-338610000.0,36172000,-61653000.0,1908000.0,,0.0,976000.0,45481000.0,15838000.0,1385690000,354000.0,1950445000.0,4081000.0,1630000.0,-26056000.0,431334000,287395000.0,1413282000,194917000.0,182998000.0,254781000,66580000.0,-844496000.0,35079000,90919000,34318000.0,90919000,1076321000.0,136400000,2391248000,,976452000.0,2.59,,110688000.0,977966000,176553000,69778000.0,1817024000,,286181000.0,-906106000.0,6323000.0,662621000.0,2.51,,1209922000.0,5538000,386191000.0,244651000.0,463617000.0,,203360000.0,,208443000,38553000.0,0.0,6323000.0,-12034000.0,6323000.0,,,,,,,
2011-12-31,53023000,468394000.0,6323000.0,,637465000.0,23298000.0,244158000,-230907000.0,94407000,15114000.0,-341317000.0,36950000,-77796000.0,-3044000.0,60347000.0,0.0,1954000.0,45391000.0,15107000.0,1576688000,359000.0,1936135000.0,4081000.0,96598000.0,-5323000.0,473297000,329374000.0,1331012000,202258000.0,78275000.0,285022000,-50992000.0,3243000.0,35805000,94407000,-43039000.0,94407000,1068419000.0,139798000,2404529000,,902929000.0,2.64,0.0,0.0,1073517000,188275000,83018000.0,2049985000,,380588000.0,-74302000.0,3279000.0,-83540000.0,2.56,109178000.0,1159533000.0,4546000,406558000.0,156071000.0,437860000.0,,171479000.0,,222677000,54346000.0,0.0,3279000.0,-22362000.0,3279000.0,,,,,,,
2012-12-31,51609000,588411000.0,3279000.0,-2640000.0,713070000.0,21403000.0,239752000,-287763000.0,88363000,5724000.0,-325443000.0,37118000,-79520000.0,91128000.0,56803000.0,0.0,1944000.0,35846000.0,12824000.0,1728215000,362000.0,1937462000.0,14005000.0,1421000.0,2657000.0,453910000,347353000.0,1346618000,212461000.0,125039000.0,277083000,-4112000.0,-29955000.0,36155000,88363000,-8263000.0,88363000,1073191000.0,124209000,2525873000,124648000.0,898100000.0,2.44,,0.0,1179255000,176827000,98215000.0,2182125000,,468951000.0,-109362000.0,94407000.0,-5965000.0,2.38,121404000.0,1159588000.0,-1652000,425307000.0,204559000.0,417561000.0,,187030000.0,,209364000,49027000.0,0.0,94407000.0,-16640000.0,94407000.0,,,,,,,
2013-12-31,49304000,649689000.0,94407000.0,-9270000.0,800333000.0,14130000.0,256063000,-338058000.0,86988000,-11894000.0,-477195000.0,37396000,-81183000.0,-47932000.0,76271000.0,0.0,1551000.0,37922000.0,16118000.0,1818378000,365000.0,2071365000.0,0.0,9043000.0,4372000.0,475549000,405698000.0,1447936000,228569000.0,135507000.0,297385000,11693000.0,-218652000.0,36418000,86988000,-11387000.0,86988000,1119204000.0,124910000,2721054000,152763000.0,938945000.0,2.39,165000.0,,1273118000,178164000,108642000.0,2293927000,-8140000.0,555939000.0,-306850000.0,46475000.0,45718000.0,2.33,154378000.0,1207572000.0,-6135000,462275000.0,216690000.0,475756000.0,8680000.0,240364000.0,,209589000,40058000.0,0.0,46475000.0,-31763000.0,55155000.0,,,,,,,
2014-12-31,42036000,949436000.0,46475000.0,-18563000.0,915557000.0,25507000.0,333395000,-371779000.0,89880000,8101000.0,-1326595000.0,40238000,-99218000.0,5506000.0,65085000.0,0.0,14373000.0,46690000.0,25067000.0,2339498000,427000.0,2953568000.0,0.0,4546000.0,-12812000.0,606604000,594098000.0,2143747000,319454000.0,112739000.0,388450000,-57017000.0,-993009000.0,39348000,89880000,-27187000.0,89880000,1667985000.0,136570000,3903004000,233656000.0,1445488000.0,2.28,63000.0,358364000.0,1759257000,218154000,115915000.0,2946102000,-584000.0,645819000.0,-1089906000.0,51981000.0,885189000.0,2.23,217226000.0,1832514000.0,-40538000,543778000.0,211957000.0,716298000.0,9148000.0,311233000.0,,231240000,67572000.0,0.0,51981000.0,-64331000.0,61129000.0,,,,,,,
2015-12-31,45474000,847203000.0,51981000.0,21531000.0,958292000.0,17616000.0,342152000,-416764000.0,114910000,-6006000.0,-367462000.0,43709000,-86096000.0,-17062000.0,47685000.0,0.0,14893000.0,56354000.0,22877000.0,2562102000,431000.0,2855593000.0,0.0,-1554000.0,4872000.0,644303000,584115000.0,1847937000,279108000.0,199222000.0,404567000,9228000.0,,43052000,114910000,17000.0,114910000,1649794000.0,171264000,3702796000,203198000.0,1221741000.0,2.67,,,1854859000,239736000,122067000.0,3206405000,-831000.0,760729000.0,-86321000.0,34919000.0,-208556000.0,2.63,202065000.0,1572464000.0,-25965000,541528000.0,285318000.0,646655000.0,8388000.0,275473000.0,,277336000,71615000.0,0.0,34919000.0,-113468000.0,43307000.0,,,,,,,
2016-12-31,119155000,1560749000.0,34919000.0,-59702000.0,1946050000.0,40954000.0,745336000,-586730000.0,-228594000,-12453000.0,-464323000.0,55717000,-187075000.0,27192000.0,120507000.0,0.0,66421000.0,33231000.0,29860000.0,5049706000,567000.0,4985073000.0,3562000.0,-3800000.0,-34328000.0,1125382000,978037000.0,4042498000,422159000.0,291538000.0,869931000,69143000.0,-2644364000.0,55717000,-228594000,54320000.0,-228594000,2447241000.0,-195363000,6545822000,429033000.0,2724760000.0,-4.1,,835131000.0,2503324000,255451000,288238000.0,6175088000,,532135000.0,-2831386000.0,62111000.0,2377732000.0,-4.1,458127000.0,3349304000.0,-335844000,1359320000.0,478613000.0,1137558000.0,10419000.0,693194000.0,,33664000,202385000.0,-1668000.0,62111000.0,-101275000.0,72530000.0,,,,,,,
2017-12-31,126800000,1484700000.0,62100000.0,103300000.0,1928400000.0,45200000.0,702700000,-634000000.0,-286200000,-231100000.0,-2326800000.0,57100000,-185800000.0,70700000.0,102300000.0,0.0,10100000.0,-238400000.0,30000000.0,5223100000,600000.0,4294600000.0,0.0,1900000.0,-4900000.0,1084000000,918300000.0,3516000000,178400000.0,320200000.0,945500000,68100000.0,,57100000,-286200000,13000000.0,-286200000,2182000000.0,-524600000,5779300000,329800000.0,2535700000.0,-5.01,,,2263300000,138500000,287600000.0,6307100000,-1200000.0,245900000.0,-159800000.0,132800000.0,-278300000.0,-5.01,451300000.0,2916200000.0,-540600000,1294400000.0,506000000.0,773000000.0,14100000.0,599800000.0,-28700000.0,-283700000,202100000.0,,132800000.0,-61500000.0,146900000.0,,,,,,,
2018-12-31,114600000,1417100000.0,132800000.0,-29100000.0,1992400000.0,46200000.0,658400000,-718000000.0,-61400000,-17300000.0,-362600000.0,56000000,-196200000.0,31500000.0,256100000.0,,1200000.0,-23400000.0,32400000.0,4856700000,600000.0,4182200000.0,,19200000.0,1200000.0,955400000,839700000.0,3457400000,154200000.0,309600000.0,887500000,266400000.0,0.0,56000000,-61400000,69200000.0,-61400000,2161400000.0,-84800000,5599300000,351300000.0,2297400000.0,-1.1,,0.0,2141900000,67900000,258300000.0,5812100000,,185900000.0,-160900000.0,164300000.0,-311000000.0,-1.1,577900000.0,2622200000.0,-38100000,1274400000.0,505800000.0,700200000.0,,835200000.0,-54600000.0,116200000,170600000.0,-1500000.0,164300000.0,-97100000.0,164300000.0,,,,,,,
