date,annualNetIncomeCommonStockholders,annualOtherCurrentLiabilities,annualGrossPPE,annualDilutedAverageShares,annualChangeInCashSupplementalAsReported,annualOtherNonCurrentLiabilities,annualBeginningCashPosition,annualCapitalExpenditure,annualTotalNonCurrentAssets,annualOtherIncomeExpense,annualSellingGeneralAndAdministration,annualDilutedEPS,annualCashFlowFromContinuingFinancingActivities,annualBasicAverageShares,annualChangeInInventory,annualNetOtherFinancingCharges,annualNetIncomeContinuousOperations,annualInventory,annualCurrentDeferredRevenue,annualCapitalStock,annualCostOfRevenue,annualDeferredIncomeTax,annualOperatingExpense,annualGrossProfit,annualAccumulatedDepreciation,annualChangeInWorkingCapital,annualNonCurrentDeferredTaxesLiabilities,annualTotalLiabilitiesNetMinorityInterest,annualChangesInAccountReceivables,annualNetOtherInvestingChanges,annualRetainedEarnings,annualPretaxIncome,annualAccountsReceivable,annualFreeCashFlow,annualNetIncome,annualCashDividendsPaid,annualOperatingIncome,annualInvestingCashFlow,annualAccountsPayable,annualTotalRevenue,annualOtherCurrentAssets,annualEndCashPosition,annualTaxProvision,annualTotalAssets,annualOtherNonCashItems,annualNonCurrentDeferredRevenue,annualStockholdersEquity,annualDepreciationAndAmortization,annualCashAndCashEquivalents,annualCurrentLiabilities,annualIncomeTaxPayable,annualNetPPE,annualOperatingCashFlow,annualOtherNonCurrentAssets,annualGainsLossesNotAffectingRetainedEarnings,annualOtherShortTermInvestments,annualCashCashEquivalentsAndMarketableSecurities,annualTotalNonCurrentLiabilitiesNetMinorityInterest,annualChangeInAccountPayable,annualBasicEPS,annualRepurchaseOfCapitalStock,annualEbitda,annualCurrentAssets,annualCurrentAccruedExpenses,annualGoodwill,annualResearchAndDevelopment,annualRepaymentOfDebt,annualPurchaseOfBusiness,annualSaleOfInvestment,annualLongTermDebt,annualOtherIntangibleAssets,annualPurchaseOfInvestment,annualInterestExpense,annualStockBasedCompensation,annualCurrentDebt,annualCommonStockIssuance,annualInvestmentsAndAdvances
1978-12-31,5300000,,,25728155,,,,,,,,0.206,,25728155,,,5300000,,,,,,-800000,,,,,2700000,,,9700000.0,7800000,,,5300000,,9500000,,,8700000,,,2500000,12400000,,,9700000,,,,,,,,,,,,,0.206,,9500000,,,,,,,,,,,,,,,
1979-12-31,5900000,,,24789916,,,,,,,,0.238,,24789916,,,5900000,,,,,,-1000000,,,,,3100000,,,11400000.0,8600000,,,5900000,,10500000,,,9500000,,,2700000,14500000,,,11400000,,,,,,,,,,,,,0.238,,10500000,,,,,,,,,,,,,,,
1980-12-31,10100000,,,23820755,,,,,,,,0.424,,23820755,,,10100000,,,,,,-1500000,,,,,5200000,,,13600000.0,14500000,,,10100000,,17500000,,,16000000,,,4400000,18800000,,,13600000,,,,,,,,,,,,,0.424,,17500000,,,,,,,,,,,,,,,
1981-12-31,6400000,,,22857143,,,,,,,,0.28,,22857143,,,6400000,,,,,,-2200000,,,,,3700000,,,13500000.0,9100000,,,6400000,,13500000,,,11300000,,,2700000,17200000,,,13500000,,,,,,,,,,,,,0.28,,13500000,,,,,,,,,,,,,,,
1982-12-31,7500000,,,22189349,,,,,,,,0.338,,22189349,,,7500000,,,,,,-2100000,,,,,4700000,,,14700000.0,11100000,,,7500000,,15300000,,,13200000,,,3600000,19400000,,,14700000,,,,,,,,,,,,,0.338,,15300000,,,,,,,,,,,,,,,
1983-12-31,8500000,,,21250000,,,,,,,,0.4,,21250000,,,8500000,,,,,,-1900000,,,,,4400000,,,16400000.0,12400000,,,8500000,,16100000,,,14200000,,,3900000,20800000,,,16400000,,,,,,,,,,,,,0.4,,16100000,,,,,,,,,,,,,,,
1984-12-31,7200000,,,20338983,,,,,,,,0.354,,20338983,,,7200000,,,,,,-1700000,,,,,5600000,,,17000000.0,11500000,,,7200000,,14900000,,,13200000,,,4300000,22600000,,,17000000,,,,,,,,,,,,,0.354,,14900000,,,,,,,,,,,,,,,
1985-12-31,7000000,,,19774011,,,,,,,,0.354,,19774011,,,7000000,,,,,,-1400000,,,,,6400000,,,17900000.0,10800000,,,7000000,,13600000,,,12200000,,,3800000,24300000,,,17900000,,,,,,,,,,,,,0.354,,13600000,,,,,,,,,,,,,,,
1986-12-31,3100000,,,18902439,,,,,,,,0.164,,18902439,,,3100000,,,,,,-1300000,,,,,5800000,,,17600000.0,4900000,,,3100000,,7500000,,,6200000,,,1800000,23400000,,,17600000,,,,,,,,,,,,,0.164,,7500000,,,,,,,,,,,,,,,
1987-12-31,2700000,,,18493151,,,,,,,,0.146,,18493151,,,2700000,,,,,,-1300000,,,,,4800000,,,16100000.0,4100000,,,2700000,,6700000,,,5400000,,,1400000,20900000,,,16100000,,,,,,,,,,,,,0.146,,6700000,,,,,,,,,,,,,,,
1988-12-31,2300000,,,18253968,,,,,,,,0.126,,18253968,,,2300000,,,,,,-1300000,,,,,4600000,,,,3700000,,,2300000,,6200000,,,4900000,,,1400000,20100000,,,15500000,,,,,,,,,,,,,0.126,,6200000,,,,,,,,,,,,,,,
1989-12-31,2800000,,,18181818,,,,,,,,0.154,,18181818,,,2800000,,,,,,-1400000,,,,,4300000,,,,4000000,,,2800000,,6800000,,,5400000,,,1200000,19500000,,,15200000,,,,,,,,,,,,,0.154,,6800000,,,,,,,,,,,,,,,
1990-12-31,2800000,,,17721519,-800000.0,,3400000.0,,,,400000.0,0.158,-5100000.0,17721519,,-3700000.0,2800000,,,,,-900000.0,-1100000,,,4600000.0,,3300000,2300000.0,,,4100000,7400000.0,4300000.0,2800000,-1400000.0,6700000,,,5600000,,,1300000,16300000,-2200000.0,,13000000,,,,,5800000.0,4300000.0,,,,,,,0.158,,6700000,,,,,,,,,,,,,,,
1991-12-31,2300000,,,17424242,-200000.0,,2700000.0,,,,400000.0,0.132,-3500000.0,17424242,,-2100000.0,2300000,,,,,-500000.0,-1200000,,,3000000.0,,3700000,1500000.0,,,3300000,6800000.0,3300000.0,2300000,-1400000.0,6100000,,,4900000,,,1000000,15400000,-1500000.0,,11700000,,,,,5600000.0,3300000.0,,,,,,,0.132,,6100000,,,,,,,,,,,,,,,
1992-12-31,2000000,,,16666667,-300000.0,,2500000.0,,,,900000.0,0.12,-2900000.0,16666667,,-1600000.0,2000000,,,,,-300000.0,-700000,,,1800000.0,,3300000,1000000.0,,,2700000,5900000.0,2600000.0,2000000,-1300000.0,5000000,,,4300000,,,700000,14200000,-900000.0,,10900000,,,,,5600000.0,2600000.0,,,,,,-100000.0,0.12,,5000000,,,,,,,,,,,,,,,
1993-12-31,1700000,,,16346154,-200000.0,,2200000.0,,,,900000.0,0.104,-3300000.0,16346154,,-2000000.0,2500000,,,,,-200000.0,-800000,,,2200000.0,,4100000,1000000.0,,,3600000,5100000.0,3100000.0,1700000,-1300000.0,6100000,,,5300000,,,1100000,13300000,-1400000.0,,9200000,,,,,5900000.0,3100000.0,,,,,,100000.0,0.104,,6100000,,,,,,,,,,,,,,,
1994-12-31,5000000,,,15822785,200000.0,,2000000.0,,,,500000.0,0.316,-3300000.0,15822785,,-2000000.0,5000000,,,,,700000.0,-1300000,,,-800000.0,,4100000,-500000.0,,,7300000,5600000.0,3600000.0,5000000,-1300000.0,10400000,,,9100000,,,2300000,15000000,-1300000.0,,10900000,,,,,6800000.0,3600000.0,,,,,,100000.0,0.316,,10400000,,,,,,,,,,,,,,,
1995-12-31,3328901,,,15270188,790142.0,,2232843.0,-19394.0,,0.0,455972.0,0.218,-3903454.0,15270188,,-2680652.0,3328901,,,,,-472129.0,1688567,,,1844904.0,3294317.0,3607176,1800000.0,0.0,,4751718,294582.0,4693596.0,3328901,-1222802.0,4751718,-19394.0,55046.0,6440285,,3022985.0,1422817,13901804,28901.0,,10294628,11314.0,72985.0,,240412.0,6898382.0,4712990.0,,,2950000.0,3022985.0,,,0.218,,4763032,,,,,,,,,,,,,,,
1996-12-31,4264273,,,14673913,-1228087.0,,3022985.0,-108653.0,,0.0,430583.0,0.292,-4433245.0,14603675,,-3254443.0,4264273,,,,,94065.0,2442527,,,-1079626.0,3388382.0,3584578,-1800000.0,19373.0,,6138560,5100000.0,3185785.0,4264273,-1178802.0,6138560,-89280.0,70034.0,8581087,,1794898.0,1874287,13710234,-35727.0,,10125656,15726.0,144898.0,,99824.0,6162569.0,3294438.0,,,1650000.0,1794898.0,,,0.292,,6154286,,,,,,,,,,,,,,,
1997-12-31,6706741,,,14146341,117693.0,,1794898.0,-78731.0,,-800000.0,491395.0,0.478,-4611191.0,14030839,,-3476309.0,6706741,,,,,903474.0,3243920,,,-2866301.0,4291856.0,4452083,-2800000.0,14500.0,,9831117,,4714384.0,6706741,-1134882.0,9831117,-64231.0,93072.0,13075037,,1912591.0,3124376,16673289,6741.0,,12221206,49201.0,112591.0,,42783.0,4609525.0,4793115.0,,,1800000.0,1912591.0,,,0.478,,9880318,,,,,,,,,,,,,,,
1998-12-31,6033261,,,13650000,684784.0,,1912591.0,-56243.0,,-1000000.0,398692.0,0.444,-4612761.0,13588426,,-3509959.0,6033261,,,,,548623.0,1638132,,,-1301404.0,4840479.0,5214708,-1500000.0,12987.0,,8841538,,5284558.0,6033261,-1102802.0,8841538,-43256.0,9064.0,10479670,,2597375.0,2808277,18856414,33261.0,,13641706,60321.0,147375.0,,348311.0,4547643.0,5340801.0,,,2450000.0,2597375.0,,-100000.0,0.444,,8901859,,,,,,,,,,,,,,,
1999-12-31,2937827,,,13255000,-724836.0,,2597375.0,-57941.0,,-1000000.0,413616.0,0.222,-4832763.0,13233455,,34439.0,2937827,,,,,-818677.0,1724815,,,1983192.0,4021803.0,4129836,2300000.0,15500.0,,4199422,,4092427.0,2937827,-1067202.0,4199422,-42441.0,80650.0,5924237,,1872539.0,1261595,15876606,37827.0,,11746770,48026.0,222539.0,,0.0,4718604.0,4150368.0,,,1650000.0,1872539.0,,100000.0,0.222,-3800000.0,4247448,,,,,,,,,,,,,,,
2000-12-31,3758069,,,12782548,-258705.0,,1872539.0,-61005.0,,-874294.0,468945.0,0.294,-4236532.0,12782548,,-3202690.0,3758069,,,,,-116125.0,2456242,,,336801.0,3905678.0,4061009,-159351.0,15674.0,,5342757,,3962153.0,3758069,-1033842.0,5342757,-45331.0,51711.0,7798999,,1613834.0,1584688,15329316,,,11268307,44413.0,263834.0,,67290.0,4113200.0,4023158.0,,,1350000.0,1613834.0,,-28939.0,0.294,-3202690.0,5387170,,,,,,,,,,,,,,,
2001-12-31,6886513,,,12341421,971231.0,,1613834.0,-151606.0,,-885971.0,530555.0,0.558,-4957178.0,12341421,,-3953656.0,6886513,,,,,496803.0,3385347,,,-1368417.0,4402481.0,4430539,-2632892.0,13000.0,,10044021,,5915409.0,6886513,-1003522.0,10044021,-138606.0,7537.0,13429368,,2585065.0,3157508,17628181,,,13197642,52116.0,85065.0,,0.0,2658274.0,6067015.0,,,2500000.0,2585065.0,,-44174.0,0.558,-3953656.0,10096137,,,,,,,,,,,,,,,
2002-12-31,4900786,,,11724368,762681.0,,2585065.0,-55224.0,,-979948.0,445148.0,0.418,-4115309.0,11724368,,-3158314.0,4900786,,,,,183970.0,2028478,,,-311672.0,4586451.0,4752188,-599019.0,0.0,,7093620,,4865990.0,4900786,-956995.0,7093620,-43224.0,10120.0,9122098,,3347746.0,2192834,18735307,98165.0,,13983119,49965.0,147746.0,,125196.0,2573390.0,4921214.0,,,3200000.0,3347746.0,,2583.0,0.418,-3158314.0,7143585,,,,,,,,,,,,,,,
2003-12-31,5330151,,,11389212,1165504.0,,3347746.0,-30220.0,,-972064.0,405613.0,0.468,-5322297.0,11389212,,-3604427.0,5330151,,,,,-527041.0,2358086,,,1431610.0,4059410.0,4330927,1325830.0,0.0,,7595243,,6487801.0,5330151,-1717870.0,7595243,-30220.0,31434.0,9953329,,4513250.0,2265092,18321900,232372.0,,13990973,50929.0,163250.0,,205562.0,2320309.0,6518021.0,,,4350000.0,4513250.0,,21314.0,0.468,-3604427.0,7646172,,,,,,,,,,,,,,,
2004-12-31,17412958,,,11034828,1429695.0,,4513250.0,-33110.0,,-1138307.0,442646.0,1.578,-8698672.0,11034828,,-3737308.0,17412958,,,,,3778233.0,3368175,,,-11783600.0,7837643.0,8443919,-12075489.0,0.0,,25772435,,10128367.0,17412958,-4961364.0,25772435,-33110.0,562855.0,29140610,,5942945.0,8359477,31149178,715712.0,,22705259,38174.0,342945.0,,0.0,1599533.0,10161477.0,,,5600000.0,5942945.0,,531421.0,1.578,-3737308.0,25810609,,,,,,,,,,,,,,,
2005-12-31,8512587,,,10857892,3684039.0,,5942945.0,-55486.0,,-1749529.0,487231.0,0.784,-6604176.0,10857892,,-5400790.0,8512587,,,,,-1029153.0,3234913,,,2819836.0,6808490.0,7691223,2729079.0,11640.0,,12172728,,10276575.0,8512587,-1203386.0,12172728,-43846.0,827911.0,15407641,,9626984.0,3660141,32304893,,,24613670,28791.0,226984.0,,0.0,1930089.0,10332061.0,,,9400000.0,9626984.0,,265056.0,0.784,-5400790.0,12201519,,,,,,,,,,,,,,,
2006-12-31,11569862,,,10693033,-1102807.0,,9626984.0,-62828.0,,0.0,555367.0,1.082,-11407342.0,10693033,,-5534661.0,11569862,,,0.0,,-399808.0,6143467,,,-839825.0,6408682.0,8028146,-1529656.0,0.0,,16879015,1154605.0,10304535.0,11569862,-5872681.0,16317731,-62828.0,382153.0,22461198,,8524177.0,5309153,32467548,,415060.0,24439402,37134.0,8524177.0,,213780.0,1894465.0,10367363.0,,-336788.0,,8524177.0,,186163.0,1.082,-5534661.0,16354865,,,,,,,,,,,,,,,
2007-12-31,8249688,,,10576523,1629025.0,,8524177.0,-27272.0,,0.0,579690.0,0.78,-7878497.0,10576523,,-6181717.0,8249688,,,,,-443838.0,3957397,,,1692945.0,5964844.0,7767196,800570.0,0.0,,11877714,1540341.0,9507522.0,8249688,-1696780.0,11507714,-27272.0,1142444.0,15465111,,10153202.0,3628026,32656735,,413811.0,24889539,35999.0,10153202.0,,0.0,1192283.0,9534794.0,,-257842.0,,10153202.0,,475614.0,0.78,-6181717.0,11543713,,,,,,,,,,,,,,,
2008-12-31,10939773,0.0,,10406889,-498823.0,0.0,10153202.0,-6379.0,1239811.0,-1361364.0,2784624.0,1.06,-11933407.0,10354408,,0.0,10939773,,438374.0,0.0,0.0,-823569.0,3720046,19296266.0,,1287956.0,,7260362,370447.0,0.0,,15804966,1172281.0,11434584.0,10939773,-1884668.0,15576220,-6379.0,786848.0,19296266,79986.0,9654379.0,4865193,30785034,,,23524672,36803.0,9654379.0,6568360.0,,1239811.0,11440963.0,0.0,-629075.0,,9654379.0,692002.0,,1.06,-10048739.0,15613023,29545223.0,,,,,,,,,,,,,,
2009-12-31,6914043,0.0,1304764.0,10070246,-1503170.0,0.0,9654379.0,-29663.0,16932946.0,-1216480.0,2439935.0,0.69,-10875445.0,10018028,,0.0,6914043,,767233.0,0.0,0.0,-413769.0,3093524,13084860.0,-100743.0,2836211.0,,7083623,-451198.0,0.0,,10044763,,9363275.0,6914043,-1930444.0,9991336,-20663.0,753328.0,13084860,73245.0,8151209.0,3130720,26787620,,,19703997,42142.0,8151209.0,6511928.0,198087.0,1204021.0,9392938.0,0.0,-488348.0,,8151209.0,571695.0,,0.69,-8945001.0,10033478,9854674.0,,,,,,,,,,,,,,
2010-12-31,11308711,0.0,1301679.0,9679921,-1001657.0,0.0,8151209.0,-27670.0,15543814.0,0.0,2876720.0,1.168265,-12683106.0,9679921,,0.0,11308711,,755199.0,0.0,0.0,-444773.0,3667491,20065965.0,-100763.0,814406.0,,6687134,,0.0,,16424181,,11668949.0,11308711,-1968061.0,16398474,-15170.0,976202.0,20065965,73259.0,7149552.0,5115470,24989360,,,18302226,15391.0,7149552.0,6250791.0,149233.0,1200916.0,11696619.0,0.0,-515724.0,,7149552.0,436343.0,,1.17,-10715045.0,16413865,9445546.0,,,,,,,,,,,,,,
2011-12-31,20594769,0.0,1272618.0,9336998,5880026.0,0.0,7149552.0,-37261.0,1173231.0,-879749.0,2583047.0,2.21,-18031171.0,9336998,,0.0,20594769,,834120.0,0.0,0.0,-1329030.0,3563118,33420759.0,-99387.0,4654218.0,2953703.0,6885023,-637244.0,0.0,,30755918,2793288.0,23893947.0,20594769,-2000233.0,29857641,-20011.0,1079310.0,33420759,82057.0,13029578.0,10161149,27432257,20594769.0,,20547234,12675.0,13029578.0,3391349.0,1380212.0,1173231.0,23931208.0,0.0,-834314.0,,13029578.0,3493674.0,,2.21,-16030938.0,29870316,26259026.0,,,,,,,,,,,,,,
2012-12-31,19647818,0.0,170295.0,8939045,-4604671.0,0.0,13029578.0,-50405.0,148185.0,-8000.0,2317744.0,2.2,-24479256.0,8939045,0.0,0.0,19647818,1125059.0,1017693.0,0.0,16504.0,-679207.0,3267501,32570952.0,-104192.0,923905.0,2274496.0,5590727,92408.0,0.0,,29322886,2700855.0,19861085.0,19647818,-4295509.0,29303451,-36905.0,1075256.0,32587456,82082.0,8424907.0,9675068,21186872,,1017693.0,15596145,16504.0,8424907.0,1424959.0,240887.0,66103.0,19911490.0,82082.0,-953965.0,,8424907.0,4165768.0,404585.0,2.2,-20183747.0,29319955,21038687.0,,,,,,,,,,,,,,
2013-12-31,27218508,0.0,190763.0,8601171,4814304.0,0.0,8424907.0,-54610.0,379237.0,-8000.0,2533580.0,3.16,-25216940.0,8601171,0.0,0.0,27218508,1125059.0,1377577.0,0.0,16286.0,-600621.0,3962215,44092788.0,-109631.0,3428386.0,1673875.0,4427282,-1240703.0,0.0,,40142578,3725535.0,30010744.0,27218508,0.0,40130573,-34110.0,862364.0,44109074,298105.0,13239211.0,12924070,22356948,,1377577.0,17929666,16286.0,13239211.0,1375830.0,354687.0,81132.0,30065354.0,298105.0,-622012.0,,13239211.0,3051452.0,-344671.0,3.16,-25216940.0,40146859,21977711.0,,,,,,,,,,,,,,
2014-12-31,34765020,0.0,206354.0,8397314,13575548.0,0.0,13239211.0,-53788.0,203598.0,-8000.0,2065213.0,4.14,-25244087.0,8397314,,0.0,34765020,1125059.0,3940353.0,0.0,19730.0,-1380735.0,3765469,55182500.0,-117247.0,5443325.0,293140.0,6382671,689129.0,0.0,,51431554,3220020.0,38798635.0,34765020,-2280301.0,51417031,-32788.0,828672.0,55202230,0.0,26814759.0,16666534,33102488,,3940353.0,26719817,19730.0,26814759.0,1394918.0,406945.0,89107.0,38852423.0,114491.0,-1352794.0,,26814759.0,4987753.0,2553084.0,4.14,-22963786.0,51436761,32898890.0,,,,,,,,,,,,,,
2015-12-31,50038507,0.0,393578.0,8197632,18197210.0,0.0,26814759.0,-221456.0,382327.0,-18458.0,2638863.0,6.1,-31173533.0,8197632,,0.0,50038507,1114601.0,2579406.0,0.0,35832.0,-129927.0,4123439,79379021.0,-132677.0,-366043.0,163213.0,4746866,-563991.0,0.0,,75283022,3787534.0,49345743.0,50038507,-2402460.0,75255582,-196456.0,868807.0,79414853,0.0,45011969.0,25244515,50435545,,2579406.0,45688679,25374.0,45011969.0,1671008.0,634911.0,260901.0,49567199.0,121426.0,-1248906.0,,45011969.0,3075858.0,-1629956.0,6.1,-28771073.0,75280956,50053218.0,,,,,,,,,,,,,,
2016-12-31,37239550,0.0,1333132.0,7989030,4405920.0,,45011969.0,-976871.0,5276039.0,-7500.0,3023480.0,4.66,-35593050.0,7989030,,0.0,37239550,1114601.0,11775049.0,0.0,43290.0,-4038001.0,4810257,59868107.0,-164851.0,7704801.0,0.0,14829407,-2874439.0,0.0,,55086920,6550429.0,39980970.0,37239550,-2507183.0,55057850,-958871.0,826771.0,59911397,0.0,49417889.0,17847370,62453929,,11775049.0,47624522,43290.0,49417889.0,3054358.0,1950774.0,1168281.0,40957841.0,232970.0,-959563.0,,49417889.0,11775049.0,9219234.0,4.66,-33085867.0,55101140,57177890.0,,,,,,,,,,,,,,
2017-12-31,76361000,0.0,19979000.0,7854705,30162000.0,,49418000.0,-18747000.0,27358000.0,-8000.0,8517000.0,9.72,-44948000.0,7854705,,,76361000,1115000.0,41375000.0,0.0,867000.0,-3117000.0,11188000,130964000.0,-463000.0,20214000.0,,48267000,-12226000.0,,,119860000,18205000.0,75083000.0,76361000,-10681000.0,119776000,-18720000.0,5608000.0,131831000,0.0,79580000.0,43499000,127460000,,41375000.0,79193000,376000.0,79580000.0,6892000.0,851000.0,19516000.0,93830000.0,850000.0,-804000.0,,79580000.0,41375000.0,5093000.0,9.72,-34267000.0,120152000,100102000.0,,,,,,,,,,,,,,
2018-12-31,209736000,,92117000.0,7787407,40067000.0,,79580000.0,-72181000.0,96788000.0,916000.0,25635000.0,26.93,-70049000.0,7787407,,,209736000,10492000.0,,0.0,13751000.0,14789000.0,25143000,285977000.0,-3012000.0,-35457000.0,14903000.0,40384000,-37824000.0,,,261750000,48750000.0,119468000.0,209736000,-31652000.0,260834000,-81533000.0,10505000.0,299728000,,119647000.0,52014000,285075000,,13369000.0,244691000,2583000.0,119647000.0,12112000.0,1607000.0,89105000.0,191649000.0,7683000.0,-1078000.0,,119647000.0,28272000.0,4783000.0,26.93,-38397000.0,263417000,188287000.0,,,,,,,,,,,,,,
