date,annualSellingGeneralAndAdministration,annualAccumulatedDepreciation,annualCapitalExpenditure,annualRepurchaseOfCapitalStock,annualOtherNonCurrentAssets,annualOperatingExpense,annualNetIncomeContinuousOperations,annualCurrentAssets,annualCashAndCashEquivalents,annualChangesInAccountReceivables,annualChangeInCashSupplementalAsReported,annualCurrentAccruedExpenses,annualTotalNonCurrentLiabilitiesNetMinorityInterest,annualInterestExpense,annualChangeInAccountPayable,annualNetIncomeCommonStockholders,annualDeferredIncomeTax,annualNetOtherFinancingCharges,annualCashCashEquivalentsAndMarketableSecurities,annualOtherIntangibleAssets,annualOperatingIncome,annualAccountsPayable,annualOperatingCashFlow,annualRepaymentOfDebt,annualTotalRevenue,annualOtherIncomeExpense,annualNetPPE,annualEbitda,annualNetOtherInvestingChanges,annualOtherCurrentLiabilities,annualEndCashPosition,annualCashFlowFromContinuingFinancingActivities,annualGrossPPE,annualOtherNonCurrentLiabilities,annualInvestmentsAndAdvances,annualIncomeTaxPayable,annualPretaxIncome,annualInvestingCashFlow,annualPurchaseOfInvestment,annualStockholdersEquity,annualLongTermDebt,annualBasicEPS,annualDepreciationAndAmortization,annualNonCurrentDeferredTaxesLiabilities,annualTotalAssets,annualGoodwill,annualStockBasedCompensation,annualCurrentLiabilities,annualBasicAverageShares,annualInventory,annualAccountsReceivable,annualFreeCashFlow,annualCommonStockIssuance,annualGrossProfit,annualTotalNonCurrentAssets,annualChangeInWorkingCapital,annualOtherCurrentAssets,annualDilutedEPS,annualTotalLiabilitiesNetMinorityInterest,annualTaxProvision,annualNetIncome,annualCurrentDeferredRevenue,annualDilutedAverageShares,annualOtherNonCashItems,annualBeginningCashPosition,annualCostOfRevenue,annualPurchaseOfBusiness,annualCashDividendsPaid,annualCurrentDebt,annualNonCurrentDeferredRevenue,annualChangeInInventory,annualSaleOfInvestment,annualResearchAndDevelopment,annualRetainedEarnings,annualGainsLossesNotAffectingRetainedEarnings,annualCapitalStock,annualOtherShortTermInvestments
2007-12-31,8365000,,-136874000,,,85497000,36470000,,,-3466000,-458000,,,7805000,,36562000,10700000,69593000,,,57570000,,73223000,0.0,255349000,6129000,,94484000,0,,0,69593000,,,,,55894000,-143274000,-6400000.0,,,0.53908,30785000.0,,,,,,67823000,,,-63651000,0,143067000,,-4732000,,0.53908,,19424000,36562000,,67823000,0.0,458000,112282000,0,,,,,,,,,,
2008-12-31,23330000,-175427000.0,-135188000,,628000.0,199894000,134228000,47155000.0,36074000.0,-160000,36074000,12954000.0,186095000.0,364000,,41261000,-1603000,-92599000,36074000.0,,156703000,26563000.0,216795000,0.0,689479000,9488000,686353000.0,249379000,-260000000,0.0,36074000,397562000,861780000.0,-56069000.0,18183000.0,146000.0,177975000,-578283000,-8095000.0,0.0,,0.78,,1148000.0,1033155000.0,20836000.0,,42435000.0,53216000,,7890000.0,81607000,315161000,356597000,986000000.0,13130000,1380000.0,0.78,228530000.0,43747000,126320000,,53216000,,0,332882000,-175000000,,,,,,,,,,
2009-12-31,20136000,-214942000.0,-62174000,,2974000.0,113353000,87605000,79863000.0,69984000.0,-2006000,33910000,5966000.0,187667000.0,9955000,,69980000,-254000,-38580000,69984000.0,,72053000,8602000.0,113958000,-101451000.0,236542000,8619000,700496000.0,137637000,0,0.0,69984000,83959000,915438000.0,-78942000.0,20060000.0,412000.0,87617000,-164007000,-382000.0,0.0,,1.24,40065000.0,687000.0,1084229000.0,20836000.0,,18113000.0,56220000,,6099000.0,51784000,122539000,185406000,1004366000.0,-13458000,3287000.0,1.24,205780000.0,12000,77345000,,56220000,0.0,36074000,51136000,-101451000,,,,,,,,,,
2010-12-31,24918000,-367881000.0,-76834000,,2361000.0,194624000,137073000,43184000.0,27074000.0,-269000,-42910000,20873000.0,518275000.0,18794000,,111064000,-1650000,-80434000,27074000.0,,143198000,15175000.0,217074000,-361000000.0,494871000,6328000,1359350000.0,239232000,5630000,0.0,27074000,564357000,1727231000.0,-46920000.0,40406000.0,160000.0,147645000,-824341000,-310000.0,0.0,299000000.0,1.64,,733000.0,1765537000.0,60236000.0,,42194000.0,67823000,,10890000.0,140240000,345803000,337822000,1722353000.0,8858000,5114000.0,1.64,560469000.0,10572000,126068000,,67823000,,69984000,157049000,-752827000,,,,,,,,,,
2011-12-31,39114000,-585789000.0,-142946000,,24143000.0,286701000,161700000,256448000.0,226559000.0,-881000,199485000,41315000.0,1258450000.0,30345000,,75643000,-24699000,-116070000,226559000.0,134994000.0,195595000,26588000.0,273222000,-869000000.0,809667000,13554000,2052224000.0,349613000,882000,0.0,226559000,399214000,2638013000.0,9003000.0,109817000.0,495000.0,207364000,-472951000,-93000.0,0.0,669178000.0,1.482122,111904000.0,513100000.0,2837626000.0,,,112222000.0,51036968,,22703000.0,130276000,328345000,482296000,2581178000.0,24317000,7186000.0,1.482122,1370672000.0,45664000,75643000,,51036968,,27074000,327371000,-330794000,,,,,,,,,,
2012-12-31,97582000,-709773000.0,-459306000,,27798000.0,248614000,93166000,466225000.0,422556000.0,-14582000,195997000,118563000.0,1238328000.0,42060000,,2809000,-31667000,-35583000,422556000.0,55490000.0,147486000,24633000.0,186107000,-549000000.0,849440000,-1308000,2473375000.0,281939000,760000,2360000.0,422556000,1081017000,3183148000.0,-1099571000.0,106130000.0,552000.0,122618000,-1071127000,-862000.0,0.0,1168278000.0,0.01,117261000.0,1578000.0,3476954000.0,87936000.0,3717000.0,158207000.0,218896000,,36671000.0,-273199000,623952000,396100000,3010729000.0,1311000,6998000.0,0.01,1396535000.0,29452000,2809000,,218896000,2319000.0,226559000,453340000,-612581000,,,,,,,,,,
2013-12-31,33464000,-855845000.0,-646471000,,27401000.0,225365000,282387000,207827000.0,113085000.0,-34148000,-309471000,135506000.0,1497623000.0,51797000,,155528000,-314000,-137128000,113085000.0,53606000.0,317929000,39589000.0,412300000,-710000000.0,1053495000,-165000,3383255000.0,482680000,-721000,1966000.0,113085000,694295000,4239100000.0,-1607711000.0,243619000.0,0.0,284967000,-1416066000,-51974000.0,0.0,1418169000.0,0.71,145916000.0,309000.0,4281044000.0,105336000.0,3822000.0,191483000.0,218896000,2584000.0,83943000.0,-234171000,722683000,543294000,4073217000.0,-21960000,1710000.0,0.71,1689106000.0,2580000,160165000,,218896000,2449000.0,422556000,510201000,-768959000,-137000000.0,,,,,,,,,
2014-12-31,37458000,-1040328000.0,-673004000,,28289000.0,262150000,387379000,175944000.0,67213000.0,-4112000,-45872000,156836000.0,2537194000.0,76769000,,222867000,2583000,-167705000,67213000.0,884857000.0,390501000,29104000.0,530974000,-650000000.0,1273763000,58774000,4384371000.0,649331000,188000,1212000.0,67213000,2044713000,5424699000.0,-2641086000.0,634492000.0,207000.0,389406000,-2621559000,-64278000.0,0.0,2422954000.0,1.02,183156000.0,4171000.0,6752340000.0,384387000.0,4105000.0,203796000.0,218910000,5316000.0,97890000.0,-142030000,1441178000,652651000,6576396000.0,-54116000,1893000.0,1.02,2740990000.0,2027000,221911000,,218910000,2736000.0,113085000,621112000,-1966798000,-228481000.0,1150000.0,,,,,,,,
2015-12-31,41217000,-1614663000.0,-602289000,,29707000.0,368563000,-66546000,289028000.0,99694000.0,-5671000,32481000,111434000.0,3020600000.0,113874000,3154000.0,86121000,1932000,37729000,99694000.0,832127000.0,420211000,64606000.0,666773000,-611150000.0,1561372000,-386403000,4289974000.0,294871000,146316000,3555000.0,99694000,-167868000,5904637000.0,-2310052000.0,618887000.0,770000.0,-63166000,-466424000,-11442000.0,0.0,2707357000.0,0.39,244163000.0,5963000.0,6709409000.0,389686000.0,4445000.0,199309000.0,218913000,2403000.0,131005000.0,64484000,57353000,788774000,6420381000.0,-3241000,1034000.0,0.39,3219909000.0,3380000,87863000,,218913000,-38879000.0,67213000,772598000,-27620000,-539655000.0,,,,,,,,,
2016-12-31,49248000,-1812010000.0,-479993000,,15058000.0,397419000,596980000,595591000.0,359072000.0,-48998000,259378000,164231000.0,3309944000.0,116628000,,334446000,2555000,8545000,359072000.0,803698000.0,639724000,123285000.0,913076000,-900000000.0,1804270000,65356000,5049932000.0,994913000,69090000,3114000.0,359072000,451836000,6861942000.0,-2919982000.0,594208000.0,1006000.0,605352000,-1105534000,-27000.0,0.0,3119461000.0,1.53,272933000.0,6402000.0,7736097000.0,417610000.0,4986000.0,315387000.0,218922000,7126000.0,192606000.0,433083000,0,1037143000,7140506000.0,5072000,0.0,1.53,3625331000.0,8372000,345772000,,218922000,11547000.0,99694000,767127000,-716492000,-668923000.0,,,,,,,,,
2017-12-31,50668000,-2140211000.0,-675025000,-183000.0,12570000.0,413480000,573202000,255210000.0,79588000.0,-16195000,-279484000,42360000.0,3647006000.0,144615000,,376607000,2458000,8899000,79588000.0,775269000.0,635309000,349801000.0,897412000,,2248356000,70474000,5730891000.0,1013557000,47928000,2304000.0,79588000,-413292000,7871102000.0,-2736869000.0,566211000.0,2495000.0,578068000,-763604000,,0.0,3492712000.0,1.72,290874000.0,7409000.0,8016311000.0,416160000.0,5169000.0,424426000.0,218931000,10788000.0,160194000.0,222387000,-183000,1048789000,7761101000.0,-27540000,0.0,1.72,4071432000.0,4866000,376607000,,218931000,-127311000.0,359072000,1199567000,-159592000,-797590000.0,,,,,,,,,
2018-12-31,63735000,-2638155000.0,-1193896000,0.0,22503000.0,521453000,448512000,335824000.0,92142000.0,-56707000,12554000,85608000.0,5197121000.0,186043000,,369429000,2466000,38089000,92142000.0,746804000.0,699366000,350325000.0,1016695000,-1040000000.0,1990276000,-78765000,6612073000.0,975037000,3938000,,92142000,455657000,9250228000.0,140067000.0,845279000.0,384000.0,451458000,-1459798000,,0.0,4787381000.0,1.69,337536000.0,9697000.0,9238643000.0,416160000.0,6431000.0,536857000.0,218936000,6370000.0,216847000.0,-177201000,0,1220819000,8902819000.0,-11218000,4184000.0,1.69,5733978000.0,2946000,369429000,16403000.0,218936000,5383000.0,79588000,769457000,-295447000,-888783000.0,28000000.0,,,,,,,,
