date,annualRepaymentOfDebt,annualEbitda,annualOtherNonCurrentLiabilities,annualOtherCurrentLiabilities,annualNetIncomeCommonStockholders,annualCashCashEquivalentsAndMarketableSecurities,annualDilutedEPS,annualChangeInCashSupplementalAsReported,annualCapitalStock,annualDilutedAverageShares,annualBeginningCashPosition,annualBasicAverageShares,annualTotalNonCurrentAssets,annualGrossPPE,annualSellingGeneralAndAdministration,annualOtherNonCashItems,annualPurchaseOfBusiness,annualNonCurrentDeferredTaxesLiabilities,annualNetOtherFinancingCharges,annualOperatingExpense,annualInvestingCashFlow,annualCapitalExpenditure,annualNetIncomeContinuousOperations,annualInterestExpense,annualInventory,annualGoodwill,annualChangeInInventory,annualGrossProfit,annualBasicEPS,annualChangeInWorkingCapital,annualTotalLiabilitiesNetMinorityInterest,annualNetOtherInvestingChanges,annualOtherShortTermInvestments,annualCommonStockIssuance,annualFreeCashFlow,annualRetainedEarnings,annualNetIncome,annualCostOfRevenue,annualTotalRevenue,annualLongTermDebt,annualPurchaseOfInvestment,annualPretaxIncome,annualCashDividendsPaid,annualCurrentDebt,annualTaxProvision,annualEndCashPosition,annualTotalAssets,annualNonCurrentDeferredRevenue,annualAccountsPayable,annualOperatingIncome,annualOtherCurrentAssets,annualStockholdersEquity,annualCashAndCashEquivalents,annualSaleOfInvestment,annualDepreciationAndAmortization,annualAccountsReceivable,annualTotalNonCurrentLiabilitiesNetMinorityInterest,annualOtherNonCurrentAssets,annualOtherIntangibleAssets,annualNetPPE,annualCurrentLiabilities,annualOperatingCashFlow,annualCurrentAssets,annualChangesInAccountReceivables,annualCashFlowFromContinuingFinancingActivities,annualResearchAndDevelopment,annualOtherIncomeExpense,annualStockBasedCompensation,annualCurrentAccruedExpenses,annualChangeInAccountPayable,annualIncomeTaxPayable,annualDeferredIncomeTax,annualAccumulatedDepreciation,annualRepurchaseOfCapitalStock,annualGainsLossesNotAffectingRetainedEarnings,annualInvestmentsAndAdvances,annualCurrentDeferredRevenue
1998-12-31,-100000000.0,406976087.25,100000000.0,1597548.67,293837957.07,1129368873.46,,-88133409.49,2015700000,,1217502282.95,,3740814363.77,3078459586.17,34942332.18,-18728023.21,,,-77499.31,38535894.16,-475928961.48,-553672292.08,325957855.62,18478672.67,56073.97,,456841.55,299895773.63,,4388216.15,804705230.84,31360743.12,250350000.0,,-223371348.3,14279410.2,293837957.07,89652443.21,389548216.84,100000000.0,,325957855.62,-117231891.24,150000000.0,,1129368873.46,4904438835.84,,82605823.27,261359879.47,0.0,3941032058.15,879018873.46,46382587.48,62539558.96,,426816652.31,3048065.19,641624043.45,3078459586.17,377888578.53,330300943.78,1163624472.07,,,,,,,,,,,,,,
1999-12-31,,424918693.6,120000000.0,100000000.0,323597461.25,490683654.92,,-638685218.54,2015700000,,1129368873.46,,4868816908.77,3992892744.83,41846702.87,-10098586.87,,,22401247.02,45845660.09,-1822252381.32,-998981993.28,341123262.3,10916031.4,1128365.41,,-1072291.44,349485308.09,,3876488.42,1230021510.75,49654134.9,111100000.0,800000.0,-615376349.43,,323597461.25,103087727.04,452573035.13,350000000.0,-900540000.0,341242442.11,-177519862.12,450000000.0,119179.81,490683654.92,5393891421.29,,53104588.04,303639648.0,-15550.0,4143687519.4,379583654.92,27615477.06,72760220.09,479206.08,470000000.0,3510105.87,620001630.25,3992892744.83,760021510.75,383605643.85,525074512.52,,,,,,,,,,,,,,
2000-12-31,-800000000.0,459925111.59,11271852.04,4786144.82,343638005.37,493636580.7,,2952925.78,2015700000,,490683654.92,,5390000308.23,4244230464.72,46292536.46,-270152.57,,,169407821.0,67128879.2,-295974692.66,-343547242.24,345848955.65,34194769.6,5340634.35,,329388.4,412651639.91,,7150619.16,1633084944.79,37054588.72,160000000.0,1500000.0,87927886.28,3442264.09,343638005.37,104469437.08,517121076.99,600000000.0,,345848955.65,-151391705.35,150000000.0,,493636580.7,5930040413.93,,21658312.08,345522760.71,0.0,4285683617.1,333636580.7,10517960.86,79881386.34,15711206.87,1211621013.53,308501512.68,596980322.05,4244230464.72,421463931.26,431475128.52,540040105.7,,,,,,,,,,,,,,
2001-12-31,-540000426.0,554982344.0,298294473.0,120000000.0,401936897.0,1339135906.0,0.152288,640150524.0,2180700000,,333636581.0,,5598382720.0,4505447900.0,53314105.0,41156752.0,,,710679075.0,84639012.0,-419899350.0,-260997332.0,405160019.0,41646954.0,5989324.0,,-648689.0,515063530.0,0.152288,26011436.0,1905105782.0,5997344.0,365348801.0,604679075.0,314218684.0,62087710.0,401936897.0,154475256.0,669538786.0,549059904.0,-290000000.0,405160019.0,-245085875.0,100000000.0,,973787105.0,6995999210.0,,120957661.0,430424518.0,0.0,5070546337.0,973787105.0,124977580.0,108175371.0,815449.0,1275085684.0,306000000.0,573959014.0,4505447900.0,630020098.0,575216016.0,1397616490.0,,,,,,,,,,,,,,
2002-12-31,-1396225706.0,552067297.0,240311883.0,12390266.0,351353919.0,977520897.0,0.133123,-136991208.0,2180700000,,912512105.0,,5897184592.0,4687033550.0,74600684.0,15260642.0,,,30900000.0,108096439.0,-207057957.0,-305901252.0,357416724.0,24927053.0,6006430.0,,115251.0,489528456.0,0.133123,-28605318.0,1740036569.0,-237441629.0,0.0,900000.0,135295146.0,28067974.0,351353919.0,164254230.0,653782686.0,24418881.0,-43446602.0,405558077.0,-260865371.0,610000000.0,48141353.0,775520897.0,6922502651.0,,95953763.0,381432017.0,0.0,5160312772.0,977520897.0,379731526.0,121582167.0,2249094.0,716149665.0,416000000.0,550937706.0,4687033550.0,1023886904.0,441196398.0,1025318059.0,,,,,,,,,,,,,,
2003-12-31,-964529130.0,1138504638.05,354472114.27,3081967.73,852037109.31,1317391402.04,0.322824,471870505.09,2180700000,,775520896.95,,4801101177.48,4024733592.69,98525396.59,17523220.85,,65893243.33,53313935.63,129446100.32,872210456.78,-195337516.28,858709567.81,25978356.04,6379772.29,,-373342.63,466462929.88,0.322824,81356916.87,1131152405.65,131144696.53,0.0,,236153872.81,644213821.28,852037109.31,137903442.67,604366372.55,256297837.46,-124771578.57,998918597.92,-287653252.23,40000000.0,140209030.11,1247391402.04,7105308870.56,,148168178.42,337016829.56,0.0,5952865584.17,1317391402.04,96142955.1,113607684.09,4511407.18,762795613.27,158640673.49,404106105.45,4024733592.69,368356792.38,431491389.09,2304207693.08,,,,,,,,,,,,,,
2004-12-31,-484751403.27,715850637.1,318764135.69,3081893.16,484564032.97,1297810765.64,0.183594,-5568245.32,2180700000,,1247391402.04,,5791246453.41,4206417008.78,74691380.95,12403011.51,,77212155.02,0.0,111151465.74,-464568839.24,-295501288.7,492750192.17,23733121.71,7366833.93,,-987061.64,567310309.72,0.183594,-3703598.56,1473880887.61,651326841.47,0.0,,216041414.64,594075873.79,484564032.97,156361770.43,723672080.15,130818928.85,-869215000.0,568769473.28,-441345178.02,580000000.0,76019281.11,1241823156.72,7518609524.83,,156538411.91,456158843.98,0.0,6023099835.53,1297810765.64,48427293.99,123348042.11,2056803.17,597074848.75,123359437.76,386467841.25,4206417008.78,876806038.86,511542703.34,1727363071.42,,,,,,,,,,,,,,
2005-12-31,-1702959198.18,805873853.94,291407855.96,16208058.41,485043276.19,924084472.05,0.183776,-349353433.36,2180700000,,1241823156.72,,8802051937.3,4506548745.64,52678068.07,91168879.78,,86049064.16,-4323438.08,87633845.18,-2344615447.3,-425271452.65,494630700.89,84249084.57,3539540.36,,3827293.57,774750307.34,0.183776,-84202643.98,3635015750.33,22809056.38,0.0,,219828079.76,711317372.8,485043276.19,206496629.17,981246936.51,2221037677.96,-2368245078.48,576909775.73,-328868667.24,253900000.0,82279074.84,892469723.36,9927504042.6,,141760014.58,687116462.16,0.0,6269421377.23,924084472.05,40092027.45,144714993.64,39693765.16,2681039345.4,1042150170.68,594577906.45,4506548745.64,953976404.93,645099532.41,1125452105.3,,,,,,,,,,,,,,
2006-12-31,-3672746220.08,902195522.53,270784202.21,8541715.44,559244876.27,388695553.45,0.256452,-510646306.44,2180700000,,892469723.36,,9661420403.95,5429275014.52,98414855.44,92810988.0,,43651507.82,999353584.97,135219044.1,-983953269.91,-688525433.55,570927760.05,99886401.36,2969325.28,,570215.08,952362350.46,0.256452,104470946.58,3602793693.09,160248103.45,0.0,1000000000.0,316350250.87,924047185.28,559244876.27,272833661.39,1225196011.85,1114988982.04,-543783681.1,626210008.15,-387016410.35,1218100000.0,55282248.1,381823416.92,10194622562.69,,535844692.07,817143306.36,0.0,6591828869.6,388695553.45,87795958.78,176099113.02,64688634.38,1483424692.07,129490411.69,563446793.65,5429275014.52,2119369001.02,1004875684.42,533202158.74,,,,,,,,,,,,,,
2007-12-31,-4173339361.55,1103754966.67,253331420.16,5983977.41,673601826.06,483021797.72,0.309,138495765.16,2180700000,2179941185.0,328494300.57,2179941185.0,14489734355.79,11618003993.1,50232391.46,122727040.03,-469548672.49,474235006.0,2253842707.08,87659012.49,-3456617991.14,-3373382698.22,667176843.05,140326634.61,2956134.08,,-333387.25,764788928.94,0.309,21752666.65,7211973544.93,-24066639.96,,,-2561658622.21,1481082281.56,673601826.06,338665642.12,1103454571.06,5251962879.38,,773806566.78,-488239403.15,385000000.0,106629723.73,466990065.73,15199598168.29,,331832594.84,677129916.45,0.0,7275144390.9,483021797.72,399550757.91,189621765.28,152559704.28,6038529305.54,0.0,215525577.0,11618003993.1,1173444239.39,811724076.01,709863812.5,,,,,,,,,,,,,,
2008-12-31,-2545235792.1,1003086201.86,304133361.39,335598950.25,503194685.38,683164282.35,0.231,69302498.54,2180700000,2178331971.0,466990065.73,2178331971.0,17195798500.54,963826612.65,54012629.24,247904720.67,-37500000.0,375800391.27,-119272849.44,90711393.76,-2378181857.51,-2697265347.64,494527536.53,238313948.01,3074822.88,,-118688.8,617683941.93,0.231,333382396.18,10496958272.17,-43292498.54,6291915.0,,-1751393775.3,1228857198.53,503194685.38,445377632.25,1063061574.18,6903729615.38,,560785018.7,-712996420.88,783376707.15,66257482.17,536292564.27,18205663955.55,,991118589.94,526972548.17,0.0,7004892599.77,676872367.35,399866455.67,203987235.15,166882707.15,7583663368.04,0.0,13735467623.31,963826612.65,2913294904.13,945871572.34,1009865455.01,,,,,,,,,,,,,,
2009-12-31,-2316544504.71,1264469218.62,702355060.83,223410572.89,540218648.15,969357723.52,0.248,-57191680.08,2180770326,2178301001.0,536292564.27,2178301001.0,21016807839.31,1128737137.25,67719230.25,382305544.84,-1068031569.11,855659919.48,-333144714.1,115541884.83,-1850315727.9,-1028975345.57,525332320.21,366293203.41,3436321.38,,-361498.5,735098055.67,0.248,-29890646.24,13342292303.78,4967671.91,,930412.98,-249030370.16,1456439118.37,540218648.15,706575491.55,1441673547.22,8333197478.45,,570158285.56,-696105156.94,1569457400.0,44825965.35,479100884.19,22208708939.09,,1125758605.13,619556170.84,0.0,8177489879.64,969357723.52,241695744.87,328017729.65,176713368.4,9891212458.76,0.0,17617588483.68,1128737137.25,3451079845.02,779944975.41,1191901099.78,,,,,,,,,,,,,,
2010-12-31,-3235069920.49,1915966369.19,908130848.07,195463729.63,745806530.62,832427381.66,0.342,56364495.18,2180770326,2180720850.0,,2180720850.0,21483453746.36,1068641686.29,62328052.4,505839818.39,-89600000.0,820729860.38,203892268.28,139697759.15,-836347457.26,-955303616.59,710072097.26,496806079.84,3401645.38,,34676.0,1201200179.39,0.342,71898244.17,13281545805.53,-15621410.13,,33082000.0,662058232.79,1866445317.49,745806530.62,1101186198.1,2302386377.49,8565307250.11,,856984334.61,-694315264.08,1174259800.0,146912237.35,535465379.37,22616647065.72,,942807430.66,1061502420.24,0.0,8648826937.88,832427381.66,197414271.3,562175954.74,245327133.78,10294167958.56,0.0,17896204675.75,1068641686.29,2987377846.97,1617361849.38,1133193319.36,,,,,,,,,,,,,,
2011-12-31,-1233175098.65,2415021855.93,367474025.3,812396755.52,875146104.56,2175670176.39,0.401,1590640914.96,2180770326,2182409238.0,577312394.11,2182409238.0,21901999155.28,1243696165.24,87751927.66,548573643.8,-6570000.0,938248278.82,392120016.66,193024159.34,-740857304.15,-872999038.45,919537778.58,547417783.86,3643274.66,,-241629.28,1769085479.82,0.401,-236090354.4,14111405011.76,12907102.62,,122562335.84,635131564.96,2304205866.63,875146104.56,1182533577.16,2951619056.98,10254280424.83,,1156615169.97,-791710985.85,137819000.0,237077391.39,2167953309.07,24608792701.94,,906979801.44,1576061320.48,0.0,9204417052.53,2175670176.39,124589684.0,710988902.1,315745448.31,11560002728.95,0.0,18962584720.93,1243696165.24,2551402282.81,1508130603.41,2706793546.66,,,,,,,,,,,,,,
2012-12-31,-1667239628.95,2359416385.3,211963302.79,2538991115.62,684526701.99,1956056006.44,0.314,-213749182.51,2180770326,2180021344.0,2167953309.07,2180021344.0,21504207233.61,1114432301.86,79968868.64,624208283.56,0.0,935283505.52,133635066.54,192741355.74,-428055620.51,-545481158.7,726582989.66,610436683.45,2980022.26,,663252.4,1623890836.96,0.314,-449025299.25,13336209075.03,25922850.27,,142735990.13,985173508.78,2570439249.07,684526701.99,1510732256.08,3134623093.04,8299420479.84,,936419221.74,-886400583.97,1000000.0,209836232.08,1954204126.56,24209125042.19,,661807999.88,1431149481.22,0.0,9536486092.32,1956056006.44,86121236.92,812560480.11,385812938.72,9446667288.15,0.0,18636247042.26,1114432301.86,3889541786.88,1530654667.48,2704917808.58,,,,,,,,,,,,,,
2013-12-31,-2681497280.0,2456316249.69,206979215.61,622250702.62,719691617.0,1094796690.93,0.33,-864567463.46,2180770326,2180883688.0,1954204126.56,2180883688.0,20602379726.08,1149164649.25,87715211.14,584170427.47,-16250000.0,813937505.37,-2686408.95,203673799.81,-505054804.05,-610569380.06,750762637.78,582118380.29,345018118.72,,-342038096.46,1753083763.69,0.33,-478414712.46,11601121819.71,21840148.2,,0.0,1150655406.22,2929472264.02,719691617.0,1526197293.57,3279281057.26,8345815980.4,,914173270.77,-840918036.48,450400000.0,163410632.99,1089636663.1,22840107479.91,,375719993.22,1549409963.88,1755109.55,9974420429.05,1094796690.93,92618944.97,960024598.63,495330807.64,9366732701.38,4814364.0,17756263229.13,1149164649.25,2234389118.33,1761224786.28,2237727753.83,,,,,,,,,,,,,,
2014-12-31,-2307675160.0,4472641083.6,148619858.8,1022387329.23,2186883365.49,1634298872.34,1.003,165518234.27,2180770326,2180342338.0,1089636663.1,2180342338.0,20302812780.71,1058329846.57,93272098.63,422091204.92,-29400000.0,773462469.63,26885772.77,224295440.04,494867605.15,-312902589.45,2271469529.37,524953143.47,534747975.1,,-189729856.38,1915101543.23,1.003,-221235441.06,11209151613.88,15467369.27,,60265952.56,1480852692.84,4564264823.15,2186883365.49,1705255936.85,3620357480.08,7189251574.51,,2966918014.26,-833407541.2,23667000.0,695448484.89,1255154897.37,24329324209.02,162850000.0,164270951.61,1690806103.19,800034204.14,11797581861.32,1634298872.34,95234223.28,980769925.87,721306986.74,8274183902.94,3814521.0,16154661734.98,1058329846.57,2934967710.94,1793755282.29,4026511428.31,,,,,,,,,,,,,,
2015-12-31,-4174467000.0,3053236657.46,6192299799.82,1836240879.39,1552656397.24,6422377830.89,0.712,4925837168.69,2180770326,2180697187.0,1255154897.37,2180697187.0,23246228333.19,1185667747.11,148113743.66,373190416.85,-1285601947.38,1339812592.32,6586451990.56,270755376.21,583622933.78,-128354455.66,1495149958.38,485089447.34,648713256.36,1543560.21,-113965281.26,1741830725.74,0.712,-202978383.56,16709574566.31,254449029.68,,,1643150674.66,5104281635.31,1552656397.24,1678747609.45,3420578335.19,4892258552.48,,1672326886.76,-1432621258.84,1836240879.39,177176928.38,6180992066.06,31670655088.41,174680489.68,182023959.15,1471075349.53,157961789.9,12368892973.17,6422377830.89,170969734.09,895820323.36,659832794.56,12599051434.3,602770959.0,19271775774.01,1185667747.11,4110523132.01,1771505130.32,8424426755.22,,,,,,,,,,,,,,
2016-12-31,-2099901764.0,3475792905.85,5965296573.03,1582010852.14,1169353230.77,5738889158.56,0.536,-1937352400.05,2180770326,2181629162.0,6180992066.06,2181629162.0,24385210484.56,1041328611.82,157172158.95,645198882.0,-1998260000.0,1239319854.2,-124942614.23,223457329.19,-2529509353.18,-382090574.03,1316421809.6,628603309.89,663113521.51,,-14400265.15,1999277840.47,0.536,-502289754.59,17673489347.58,-478293783.76,74991317.77,,1744519452.42,5416848490.55,1169353230.77,2532931316.07,4532209156.54,5525887939.9,,1622448902.74,-1068340169.91,1582010852.14,306027093.14,4243639666.01,32384844447.16,158796925.07,219558035.62,1775820511.28,688498566.93,12674475959.27,5663897840.79,283454741.75,1224740693.22,545051289.43,12889301292.2,184697778.86,18323851443.34,1041328611.82,4784188055.38,2126610026.45,7999633962.6,,,,,,,,,,,,,,
2017-12-31,-2178538722.75,4053459176.25,5498660725.07,1495651998.01,1426402801.01,2521265828.95,0.654,-2557131242.79,2180770326,2181044038.0,4243639666.01,2181044038.0,33534224034.07,986842364.86,203800847.17,552243791.04,-7056775548.12,1537614506.77,-386173342.31,242225211.43,-6991110349.7,-934139501.27,1546001349.13,706873352.17,599254536.06,,63858985.45,2337978401.07,0.654,-709313816.9,21699259902.62,607751400.41,,,1726566289.2,6256075328.76,1426402801.01,2498642432.82,4836620833.89,7711278266.46,,1915644703.54,-1039735324.02,2518256000.0,369643354.41,1686508423.22,37473826542.6,142969543.54,348257339.46,2095753189.64,119275293.4,13618079670.58,2521265828.95,364775253.34,1430941120.54,215538498.44,14890523041.84,1798996397.88,21153115139.8,986842364.86,6808736860.78,2660705790.47,3939602508.53,,,,,,,,,,,,,,
2018-12-31,-7284061843.3,7177315137.75,128370047.21,1237848740.01,3440050607.33,4271794278.07,1.577,696273107.08,2180770326,2181389098.0,1884570222.49,2181389098.0,33568586708.9,871342452.02,229062260.97,1057031353.5,-57500000.0,1422673617.86,-77487461.49,278665263.09,957939496.55,-1109552303.57,3578730582.48,990330481.03,588939198.83,,10579274.57,2948896100.02,1.577,21958659.53,21561097600.88,-136188296.67,45103194.0,4000000.0,2112676279.05,5624252437.38,3440050607.33,2858211931.76,5807108031.78,13525656001.82,,4545177566.55,-1289753944.31,117424819.2,966446984.07,2580843329.57,41100850328.23,439287093.37,714905820.77,2670230836.93,453546123.54,17387090943.28,4226691084.07,1972654290.54,1641807090.17,174639116.34,15515986760.26,890199312.89,23596233488.95,871342452.02,6045110840.62,3222228582.62,7532263619.33,,,,,,,,,,,,,,
