date,annualOtherNonCurrentAssets,annualOperatingExpense,annualSellingGeneralAndAdministration,annualCapitalExpenditure,annualCurrentAssets,annualBeginningCashPosition,annualNetIncomeContinuousOperations,annualCashAndCashEquivalents,annualChangeInCashSupplementalAsReported,annualNetOtherFinancingCharges,annualBasicEPS,annualEbitda,annualInterestExpense,annualTotalNonCurrentLiabilitiesNetMinorityInterest,annualAccumulatedDepreciation,annualNetIncomeCommonStockholders,annualOtherIntangibleAssets,annualGrossProfit,annualOtherShortTermInvestments,annualCommonStockIssuance,annualTotalNonCurrentAssets,annualFreeCashFlow,annualResearchAndDevelopment,annualOtherCurrentAssets,annualCostOfRevenue,annualTaxProvision,annualTotalLiabilitiesNetMinorityInterest,annualBasicAverageShares,annualNetIncome,annualPurchaseOfBusiness,annualCashDividendsPaid,annualOtherNonCashItems,annualCurrentDebt,annualAccountsReceivable,annualStockholdersEquity,annualLongTermDebt,annualPurchaseOfInvestment,annualNonCurrentDeferredTaxesLiabilities,annualDepreciationAndAmortization,annualTotalAssets,annualInvestingCashFlow,annualChangeInInventory,annualCurrentLiabilities,annualRetainedEarnings,annualGoodwill,annualChangeInWorkingCapital,annualSaleOfInvestment,annualInventory,annualNetPPE,annualAccountsPayable,annualOperatingCashFlow,annualTotalRevenue,annualCapitalStock,annualOperatingIncome,annualDilutedEPS,annualRepaymentOfDebt,annualEndCashPosition,annualNetOtherInvestingChanges,annualCashCashEquivalentsAndMarketableSecurities,annualOtherCurrentLiabilities,annualDilutedAverageShares,annualGrossPPE,annualNonCurrentDeferredRevenue,annualOtherNonCurrentLiabilities,annualPretaxIncome,annualDeferredIncomeTax,annualStockBasedCompensation,annualCashFlowFromContinuingFinancingActivities,annualCurrentAccruedExpenses,annualChangesInAccountReceivables,annualInvestmentsAndAdvances,annualCurrentDeferredRevenue,annualRepurchaseOfCapitalStock,annualGainsLossesNotAffectingRetainedEarnings,annualOtherIncomeExpense,annualChangeInAccountPayable,annualIncomeTaxPayable
2004-12-31,136566542,190278306,179309068,-857865489,1187215783,,454107916,912434418,-232031546,237588344,0.02,638822075,5898984,413686726,,413857585,439980230,832200236,12766000,241068344,2093648656,-237358904,,2497024,686447611,178815175,956742427,20692879250,413857585,,-209792336,,52410900,7833595,1942112365,266646946,,,,3280864439,-893787246,,543055701,434056061,15819325,,,194557149,1379929095,139463578,,1518647847,262826182,641921930,0.02,-120546893,,-43325380,925200418,52410900,20692879250.0,1379929095,,,632923091,,,,,,,,,,,,
2005-12-31,222399691,344957126,312397816,-1324618137,1675183981,,864351827,1053522863,158366331,268028333,0.033333,1318718645,18427943,813340779,,697924778,589190853,1501701298,6099966,259028333,3809187017,-215091040,,44623298,1567073169,263828575,2296731524,20937743340,697924778,-552028078.0,-327542240,18427943.0,594579665,61668300,2379910776,655030000,,,172110300.0,5484370998,-1848656524,-73932378.0,1483390745,727346884,65665048,19917845.0,15799000.0,302584069,2398852296,245422228,1109527097.0,3068774467,525652364,1156744172,0.033333,-46000000,,-6580159,1059622829,50885985,20937743340.0,2398852296,,,1128180402,,,,,,,,,,,,
2006-12-31,854278538,776931375,677912513,-2684949235,3679052868,,2353205563,1989493627,933607460,170863749,0.086667,3320758421,114937053,2815516471,,1699203446,985276776,4179302602,80002624,165063749,7674027091,-292463560,,-5690619,6598526437,510820911,6295924543,19606193608,1699203446,-715463502.0,-935311530,-20695792.0,1261917400,180873920,3655711455,2608665000,,,341794894.0,11353079959,-3441661416,-621875032.0,3480408072,1747827371,134140606,-365121990.0,49507000.0,939507270,4356320226,385172407,2392485675.0,10777829039,1051304728,3402371227,0.086667,-1044811418,,-146544982,2069496251,201839039,19606193608.0,4356320226,,,2864026474,,,,,,,,,,,,
2007-12-31,1604572916,1207425163,1031565485,-3618606932,4425121558,,3516070223,2236596925,219068755,185633338,0.126667,5256673040,291156155,3042101838,,2548322469,1772209943,5934091388,106879408,161348851,12374039362,936992334,,56136080,9113036024,912448399,9680546219,20118335282,2548322469,-1197110640.0,-2081877730,291156155.0,3289978200,293870313,5337027400,2759660000,,28127502.0,536998263.0,16799160920,-4764502880,-1440142.0,6638444381,3152551818,339132081,294489394.0,87697032.0,1044245379,6003718258,590261911,4555599266.0,15047127412,1314130910,4726666225,0.126667,-2032141439,,-324863458,2343476333,407639039,20118335282.0,6003718258,,1781587301.0,4428518622,,,,,,,,,,,,
2008-12-31,2963102676,1556597623,1317500017,-5216621189,8052036264,2158476964.0,3894024427,5039491385,561391061,10354718258,0.146667,5241102174,98131248,1379208599,,3066200909,4112125201,6657193340,29341711,10320718296,18165513868,-1191262869,,94423248,10326570983,639031221,7038424084,20905915289,3066200909,-513362431.0,-1590025928,332510559.0,2354294814,322131158,16134387640,969368289,-83900000.0,131328245.0,609915278.0,26217550132,-8651385701,-694357654.0,5659215485,4604213142,327982407,-1081891993.0,84808013.0,1593507693,8259305329,727712876,4025358320.0,16983764323,1454130910,5100595717,0.146667,-7507867239,2719868025.0,-3057771185,5068833096,204125391,20905915289.0,8259305329,,3044738408.0,4533055648,,,,,,,,,,,,
2009-12-31,2224007556,1527843917,1276265499,-4104111767,8961170750,2719868025.0,4050654221,4139956374,279187190,355630430,0.16,6083123872,162906756,864459338,,3541446876,5176998972,7051122349,144200652,144841931,20684967551,494834581,,693181095,13904702325,968253570,8032673317,22134042975,3541446876,-217065507.0,-1666023025,89952439.0,3340654748,427832390,18170180121,407410000,-609120615.0,143889722.0,901309325.0,29646138301,-3291300907,-722801014.0,7168213979,6691529106,437396940,-537693536.0,444346377.0,2637617977,10051013694,978186421,4598946348.0,20955824674,1454130910,5523278432,0.16,-4025272687,2999055215.0,907872275,4284157026,603305312,22134042975.0,10051013694,,40679515.0,5018907791,,,,,,,,,,,,
2010-12-31,3374938392,2183776894,1830812775,-4952234557,11060565856,2999055215.0,5755748425,4651209600,792416758,371039920,0.22,8721689605,312970255,2736140703,,4827916726,5292918677,10202195771,388384383,94952733,27340666950,968127683,,118665426,18337383129,1575823347,12372561976,21945076027,4827916726,-203517153.0,-1790309505,107687421.0,4496151701,669093678,21831570548,2303074858,-2420738553.0,219426202.0,1077147578.0,38401232806,-6291652494,-891097937.0,9636421273,10065314920,383299356,-1107108181.0,465509427.0,3482682131,12557114862,1024790051,5920362240.0,28539578900,1454130910,8018418877,0.22,-5722535786,3791471973.0,163350059,5039593983,652448993,21945076027.0,12557114862,,56492153.0,7331571772,,,,,,,,,,,,
2011-12-31,3136179526,2424640884,2042595643,-7476373611,17931875798,3791471973.0,6910525409,6180009655,1125715892,-360737566,0.26,10928389608,497059573,5822879536,,5712569100,7138194099,12227371853,264029003,183850260,34388323534,-1086195076,,584909276,27536543588,2365776280,22187522375,21971419615,5712569100,-1436327879.0,-1943223272,137112910.0,3815092312,489112425,25008610933,5348228396,-1646301298.0,226385417.0,1155028346.0,52320199332,-7704356375,-3760437065.0,16364642839,14004152348,338979724,-1863836835.0,2203168103.0,7160297387,18377700952,3232112911,6390178535.0,39763915441,2181196365,9802730969,0.26,-9475256977,4917187865.0,-33139521,6444038658,216444590,21971419615.0,18377700952,,88670506.0,9276301689,,,,,,,,,,,,
2012-12-31,3450874375,3012213604,2471115178,-7995940182,24333698904,4917187865.0,6153253314,7473400807,1397552110,3058797312,0.24,10888162082,774673832,10792837768,,5211208977,8535917880,12039855132,670943265,258094320,43020722137,-2588358505,,687006618,36374864074,2402806003,33771455302,21713370738,5211208977,-822815660.0,-3016910210,122597940.0,6399851000,841494264,28181588753,9642395823,-2227926413.0,447085685.0,1557428933.0,67354421041,-9936412127,-3451211118.0,22978617534,17034164960,496758705,-3137667829.0,776181715.0,11602493132,24126566683,4487158595,5407581677.0,48414719206,2181196365,9027641528,0.24,-5772528200,6314739975.0,-100909515,8144344072,535867957,21713370738.0,24126566683,,533883696.0,8556059317,,,,,,,,,,,,
2013-12-31,3063189230,3410678979,2691482939,-8620922740,17931787510,6314739975.0,2861269072,4491737212,-2293806954,1035238383,0.1,6794671100,721630000,13852970940,,2125353823,8498320317,8925031785,475941951,130714613,48966601610,221540824,,751212263,40846480113,973432498,33812937200,21253538230,2125353823,136723.0,-2946912262,152375520.0,2774147375,519354631,27612257755,12403724357,-1423893403.0,443536908.0,2238339530.0,66898389120,-8479729564,3337161359.0,19959966260,16978322418,496758705,2107589191.0,1220542886.0,8200028550,29529227682,4875172737,8842463564.0,49771511898,2170015765,5514352806,0.1,-7008490031,4020933021.0,219979078,4967679163,1377984690,21253538230.0,29529227682,,696448566.0,3834701570,,,,,,,,,,,,
2014-12-31,4407727099,3919053330,3080637156,-6220740665,19618226590,4020933021.0,2635441991,4139672768,-509172565,1746951504,0.11,6519211825,780101703,17986606730,,2345062669,9385134080,7878766373,312247627,41821084,55541361058,99883127,,1129315164,50881767555,688695999,41490665303,21318751536,2345062669,-1319030811.0,-2483890529,230814888.0,4551121572,1228075464,28059454796,16263193471,-2340340110.0,593335439.0,2414972132.0,75159587648,-9251759250,-2290270294.0,23504058573,17591716635,496758705,-546399615.0,622771467.0,10353917540,33242321785,4294388690,6320623792.0,58760533928,2157281365,3959713043,0.11,-5192693483,3511760456.0,-167877531,4451920395,1347611097,21318751536.0,33242321785,538727221.0,177486513.0,3324137990,,,,,,,,,,,,
2015-12-31,5619242131,4122264031,3312602024,-4858199761,21794847042,3511760456.0,1342687764,5498295305,1333937837,-2242080902,0.08,6246928472,1069420570,20459389980,-11276184956.0,1655671617,10283969425,6295844156,548352730,12244801,62119186613,5411214194,252964144.0,1609718678,68007729583,743484427,51985778403,20695895212,1655671617,-759222391.0,-2594481709,209683894.0,5394474750,864682728,27537173972,17551188420,-3038726567.0,513296967.0,3091335711.0,83914033655,-8693155627,-299042129.0,31526388423,17521563160,496758705,3736689789.0,1746359986.0,10951318480,35760250952,4674015772,10269413955.0,74303573739,2154324365,2173580125,0.08,-6935588780,4845698293.0,-1847960281,6046648035,7058473747,21556915502.0,35760250952,503275426.0,720404428.0,2086172191,,,,,,,,,,,,
2016-12-31,6408962582,4397911842,3489955996,-5521168768,24140208828,4845698293.0,1687267902,5022502044,-132874951,-1775903148,0.09,7494882467,1483706987,24249205428,-14470803967.0,1839798820,10257008960,9068890974,1251779930,85320787,65077491431,3080503110,195227412.0,2337488545,69782246837,438783804,58101192073,20442209111,1839798820,-538051844.0,-2741967964,1725390442.0,12350040250,783067488,27762474794,22045733612,-1881197470.0,481069873.0,3885123774.0,89217700259,-8478855949,-1124724836.0,33851986645,18068917361,463597655,427489798.0,535391554.0,12002626649,36709568111,4979469175,8601671878.0,78851137811,2154074365,4670979132,0.09,-9027785484,4712823342.0,-1359788146,6274281974,9218609112,21540825842.0,36709568111,453473146.0,871311724.0,2126051706,,,,,,,,,,,,
2017-12-31,6959404089,4866471022,3743012678,-5037484759,28675010591,4712823342.0,3247549197,5936066673,1041520613,6222613790,0.16,10213747532,1589043304,22878825317,,3507717627,9903526027,13176645414,2553927721,4620679959,60640252959,4726870755,,3785797086,81371973684,1320410996,51672418332,21923235169,3507717627,,-2961767670,2339589847.0,9855873011,1292864505,34999723155,20378163260,-990949510.0,624524725.0,4056744035.0,89315263550,-5947602813,961053088.0,28793593015,20194761855,463597655,-1315473541.0,1341795572.0,11089834955,33432768047,4396254031,9764355514.0,94548619098,2303121889,8310174392,0.16,-9955020405,5754343955.0,-1584242362,8489994394,4600343261,,33432768047,451419375.0,861014312.0,4567960193,,,,,,,,,,,,
2018-12-31,8600051620,5498178541,3852416203,-7808861922,30448688235,5754343955.0,4682676553,10089890808,4178494196,-5959561293,0.18,11915875822,1576224662,28382493610,,4093773630,22510280215,13342871648,787134360,78000000,82430615607,2424147779,274380222.0,2811252785,92651374475,1447503229,65605591140,22743186833,4093773630,-7853617667.0,-3745280041,1747507282.0,15616680236,1009871109,40455434274,21797369399,-1384653295.0,2743172789.0,4209471378.0,112879303842,-13640210446,-407206023.0,37223097530,22181224459,314149588,-1748164069.0,1529387004.0,12669674863,39500270658,4700981856,10233009701.0,105994246123,2303121889,7844693107,0.18,-14423736524,9932838151.0,1514136723,10877025168,9984214080,,39500270658,422783097.0,2686090453.0,6130179782,,,,,,,,,,,,
