date,annualChangeInCashSupplementalAsReported,annualGrossPPE,annualOtherCurrentLiabilities,annualNetIncomeCommonStockholders,annualRepaymentOfDebt,annualBeginningCashPosition,annualInterestExpense,annualOtherNonCurrentLiabilities,annualTotalNonCurrentAssets,annualOtherIncomeExpense,annualCapitalExpenditure,annualSellingGeneralAndAdministration,annualNetOtherFinancingCharges,annualStockBasedCompensation,annualChangeInInventory,annualCashFlowFromContinuingFinancingActivities,annualInventory,annualCurrentDeferredRevenue,annualNetIncomeContinuousOperations,annualCostOfRevenue,annualTotalRevenue,annualCurrentDebt,annualCapitalStock,annualPurchaseOfBusiness,annualGrossProfit,annualOperatingExpense,annualResearchAndDevelopment,annualTotalLiabilitiesNetMinorityInterest,annualAccumulatedDepreciation,annualDeferredIncomeTax,annualChangesInAccountReceivables,annualChangeInWorkingCapital,annualNonCurrentDeferredTaxesLiabilities,annualDilutedEPS,annualGoodwill,annualTotalAssets,annualRetainedEarnings,annualNetOtherInvestingChanges,annualCashDividendsPaid,annualAccountsReceivable,annualPretaxIncome,annualPurchaseOfInvestment,annualNetIncome,annualBasicEPS,annualFreeCashFlow,annualIncomeTaxPayable,annualAccountsPayable,annualBasicAverageShares,annualInvestingCashFlow,annualStockholdersEquity,annualOtherNonCashItems,annualEndCashPosition,annualOtherCurrentAssets,annualNonCurrentDeferredRevenue,annualOperatingIncome,annualLongTermDebt,annualCurrentAccruedExpenses,annualCurrentLiabilities,annualTaxProvision,annualCashAndCashEquivalents,annualDepreciationAndAmortization,annualInvestmentsAndAdvances,annualOtherNonCurrentAssets,annualOtherIntangibleAssets,annualCashCashEquivalentsAndMarketableSecurities,annualCommonStockIssuance,annualOtherShortTermInvestments,annualNetPPE,annualGainsLossesNotAffectingRetainedEarnings,annualSaleOfInvestment,annualDilutedAverageShares,annualOperatingCashFlow,annualTotalNonCurrentLiabilitiesNetMinorityInterest,annualChangeInAccountPayable,annualCurrentAssets,annualEbitda,annualRepurchaseOfCapitalStock
1999-12-31,-1025000000,,,1360000000,-4478000000,2640000000,708000000,4866000000,11521000000,94000000,-839000000,4682000000,-159000000,,-7000000,-1187000000,3265000000,,643000000,18457000000,24356000000,3367000000,2071000000,-1720000000,5899000000,4682000000,,25990000000,,10000000,,411000000,1656000000,0.28625,,30578000000,3716000000,-655000000,-503000000,,1022000000,-973000000,1360000000,0.286875,736000000,,5880000000,4736000000,-2036000000,4271000000,-284000000,1615000000,0,,1217000000,3586000000,6635000000,15882000000,343000000,1615000000,795000000,1377000000,0,,6386000000,,4771000000,3813000000,-1031000000,1307000000,4752000000,1575000000,10108000000,,19057000000,2012000000,
2000-12-31,-218000000,7326000000,5101000000,1443000000,,1615000000,644000000,4714000000,12251000000,276000000,-553000000,4417000000,-61000000,,-136000000,-392000000,3192000000,,881000000,17222000000,22967000000,3587000000,2082000000,,5745000000,4636000000,,25470000000,-4083000000,102000000,,-301000000,1528000000,0.304375,,30962000000,4628000000,-833000000,-531000000,8328000000,1258000000,-2239000000,1443000000,0.305625,1418000000,,5738000000,4720000000,-1713000000,5171000000,,1397000000,334000000,,1109000000,3776000000,791000000,15452000000,377000000,1397000000,836000000,,5853000000,3155000000,5606000000,244000000,4209000000,3243000000,-1122000000,2292000000,4736000000,1971000000,10018000000,,18711000000,1945000000,
2001-12-31,1370000000,7025000000,6851000000,-691000000,,1397000000,802000000,4677000000,12830000000,-106000000,-761000000,4397000000,-67000000,,-106000000,677000000,3075000000,,-130000000,18708000000,23726000000,4747000000,2028000000,,5018000000,4633000000,,30115000000,-4022000000,-89000000,,1493000000,1360000000,-0.61,,32344000000,3435000000,-907000000,-502000000,8368000000,-25000000,-3280000000,-691000000,-0.61,1222000000,,6701000000,1132000000,-1218000000,2014000000,,2767000000,1321000000,,385000000,5043000000,736000000,19035000000,105000000,2767000000,787000000,,6528000000,3299000000,5713000000,,2946000000,3003000000,-1699000000,3873000000,1135000000,1983000000,11080000000,,19514000000,1172000000,-1393000000
2002-12-31,36000000,6836000000,2384000000,-783000000,,2442000000,336000000,3306000000,9578000000,-58000000,-602000000,4033000000,3000000,,367000000,-2812000000,2377000000,,97000000,13769000000,18295000000,2576000000,2027000000,,4526000000,4074000000,,28262000000,-4044000000,-140000000,,418000000,1166000000,-0.83,,29533000000,2614000000,264000000,,7175000000,180000000,-4377000000,-783000000,-0.7,-546000000,,5135000000,1118571429,2651000000,1013000000,,2478000000,4748000000,,452000000,5376000000,8066000000,18414000000,83000000,2478000000,611000000,,3874000000,2912000000,4613000000,,2135000000,2792000000,-1878000000,4525000000,1118571429,56000000,9848000000,,19955000000,1063000000,
2003-12-31,2333000000,7221000000,5100000000,-767000000,,2336000000,554000000,3631000000,8900000000,-189000000,-547000000,3830000000,-56000000,,241000000,1591000000,2605000000,,86000000,14080000000,18795000000,1597000000,3067000000,,4715000000,3870000000,,27102000000,-4381000000,50000000,,253000000,969000000,-0.63,2331000000,30413000000,1847000000,390000000,,5337000000,164000000,-2781000000,-767000000,-0.63,-708000000,,4375000000,1171000000,754000000,3026000000,,4669000000,6427000000,,845000000,6290000000,5140000000,16212000000,78000000,4669000000,585000000,,3180000000,549000000,5142000000,2675000000,473000000,2840000000,-1750000000,3049000000,1171000000,-161000000,10890000000,,21513000000,1430000000,
2004-12-31,-1107000000,7751000000,290000000,-35000000,,4783000000,387000000,2634000000,9327000000,-49000000,-543000000,3786000000,-17000000,,-74000000,-2805000000,2977000000,,448000000,15757000000,20721000000,633000000,3083000000,,4964000000,3831000000,,21556000000,-4770000000,3000000,,20000000,953000000,-0.02,,24677000000,1725000000,176000000,,6330000000,861000000,-2877000000,-35000000,-0.02,727000000,,5709000000,1750000000,354000000,2824000000,,3676000000,155000000,,1133000000,4901000000,6436000000,13068000000,311000000,3676000000,633000000,,3251000000,3095000000,4200000000,,524000000,2981000000,-1846000000,2317000000,1750000000,1270000000,8488000000,,15350000000,1766000000,-36000000
2005-12-31,-450000000,6813000000,4848000000,735000000,,3676000000,403000000,2221000000,8128000000,52000000,-456000000,3922000000,-99000000,,-328000000,-896000000,3074000000,,883000000,16830000000,22442000000,169000000,3121000000,,5612000000,3922000000,,18452000000,-4248000000,38000000,,-889000000,692000000,0.36,,22276000000,2460000000,229000000,,6515000000,1496000000,-1915000000,735000000,0.36,565000000,,4493000000,2041666667,-316000000,3483000000,,3226000000,241000000,,1690000000,3933000000,1909000000,11606000000,482000000,3226000000,597000000,,2107000000,2828000000,3594000000,35000000,368000000,2565000000,-1962000000,1833000000,2041666667,1021000000,6846000000,,14148000000,2287000000,
2006-12-31,1041000000,7624000000,4966000000,1390000000,,3221000000,304000000,2348000000,7965000000,149000000,-536000000,4434000000,11000000,,-512000000,-392000000,3880000000,,1557000000,17541000000,24412000000,122000000,4514000000,,6871000000,4434000000,,18653000000,-4813000000,113000000,,-571000000,769000000,0.63,2581000000,25142000000,3647000000,67000000,-203000000,7276000000,2433000000,-4743000000,1390000000,0.65,1407000000,,5120000000,2138461538,-694000000,6038000000,243000000,4262000000,402000000,,2437000000,3160000000,1941000000,12376000000,697000000,4262000000,570000000,,1741000000,309000000,4790000000,47000000,528000000,2811000000,-2019000000,4366000000,2206349206,1943000000,6277000000,,17177000000,3007000000,
2007-12-31,452000000,8574000000,5550000000,3757000000,,4198000000,286000000,2428000000,7856000000,30000000,-756000000,4975000000,-162000000,,-551000000,-625000000,4863000000,,3171000000,20215000000,29183000000,536000000,5634000000,,8968000000,4975000000,,19452000000,-5328000000,-351000000,,-267000000,407000000,1.63,2421000000,31001000000,6955000000,56000000,-449000000,7980000000,4010000000,-10115000000,3757000000,1.66,2337000000,,6285000000,2263253012,-2291000000,10957000000,-384000000,4650000000,500000000,,3993000000,2138000000,1737000000,14479000000,595000000,4650000000,602000000,,1057000000,270000000,8110000000,241000000,3460000000,3246000000,-1330000000,7361000000,2304907975,3093000000,4973000000,,23145000000,4595000000,-199000000
2008-12-31,1749000000,8696000000,6586000000,3118000000,,4650000000,349000000,2973000000,8834000000,-566000000,-1171000000,5822000000,-149000000,,-800000000,-2119000000,5306000000,,3139000000,23972000000,34912000000,354000000,4695000000,,10940000000,5822000000,,21411000000,-5134000000,-199000000,,-94000000,425000000,1.36,2817000000,33181000000,10073000000,7000000,-1060000000,8641000000,4518000000,-3626000000,3118000000,1.36,2813000000,,6967000000,2287000000,114000000,11158000000,301000000,6399000000,733000000,,5118000000,2009000000,1569000000,16004000000,1119000000,6399000000,661000000,,854000000,411000000,7806000000,49000000,1407000000,3562000000,-2710000000,5417000000,2287000000,3984000000,5407000000,,24347000000,5779000000,-621000000
2009-12-31,720000000,9724000000,1806000000,2901000000,-764000000,6399000000,127000000,1997000000,9499000000,329000000,-967000000,5528000000,8000000,,1130000000,-1301000000,4550000000,,3119000000,22470000000,31795000000,161000000,3943000000,-209000000,9325000000,5199000000,,20255000000,-5652000000,-56000000,256000000,339000000,328000000,1.27,3026000000,34728000000,12828000000,-28000000,-1220000000,,4120000000,-4985000000,2901000000,1.27,3060000000,,5179000000,2284000000,-2220000000,13790000000,-6000000,7119000000,540000000,,4126000000,2172000000,1600000000,14579000000,1001000000,7119000000,655000000,49000000,293000000,443000000,9552000000,89000000,2433000000,4072000000,-2084000000,3917000000,2288000000,4027000000,5676000000,,25229000000,4902000000,0
2010-12-31,-1222000000,10258000000,5020000000,2561000000,-445000000,7119000000,173000000,1718000000,10947000000,-14000000,-840000000,4615000000,-907000000,,-264000000,-2530000000,4878000000,,2722000000,22060000000,31589000000,1043000000,1454000000,-1313000000,9529000000,5711000000,1082000000,20837000000,-5902000000,151000000,-407000000,599000000,411000000,1.12,4085000000,36295000000,15389000000,-7000000,-1305000000,,3740000000,-5621000000,2561000000,1.12,3357000000,,4555000000,2287000000,-2747000000,14885000000,106000000,5897000000,801000000,,3818000000,1139000000,1644000000,16738000000,1018000000,5897000000,702000000,19000000,347000000,701000000,8610000000,16000000,2713000000,4356000000,-1517000000,4904000000,2291000000,4197000000,4099000000,678000000,25348000000,4615000000,-166000000
2011-12-31,-1078000000,11043000000,2547000000,3168000000,-2126000000,5897000000,207000000,1496000000,15861000000,0,-1021000000,5373000000,-203000000,,-600000000,-1208000000,5737000000,1757000000,3306000000,26556000000,37990000000,765000000,1621000000,-4020000000,11434000000,6767000000,1371000000,23312000000,-6121000000,-34000000,-731000000,-675000000,537000000,1.38,7269000000,39648000000,16988000000,-55000000,-1569000000,,4550000000,-2951000000,3168000000,1.38,2591000000,,4789000000,2288000000,-3253000000,15777000000,111000000,4819000000,351000000,,4667000000,3231000000,1822000000,16561000000,1244000000,4819000000,995000000,156000000,804000000,2253000000,5767000000,110000000,948000000,4922000000,-2408000000,4729000000,2291000000,3612000000,6751000000,213000000,23787000000,5752000000,
2012-12-31,2056000000,12546000000,422000000,2704000000,-1104000000,4819000000,293000000,648000000,21068000000,-100000000,-1293000000,5756000000,-154000000,,61000000,3762000000,6182000000,3972000000,2808000000,27958000000,39336000000,2537000000,1691000000,-3694000000,11378000000,7220000000,1464000000,31624000000,-6599000000,64000000,-310000000,-411000000,1260000000,1.18,10226000000,49070000000,18066000000,85000000,-1626000000,8233000000,3838000000,-2355000000,2704000000,1.18,2486000000,41000000,4992000000,2293000000,-5575000000,16906000000,172000000,6875000000,584000000,48000000,4158000000,7534000000,2096000000,18974000000,1030000000,6875000000,1182000000,558000000,229000000,3501000000,8481000000,90000000,1606000000,5947000000,-2523000000,1682000000,2295000000,3779000000,12650000000,-57000000,28002000000,5313000000,0
2013-12-31,-854000000,13381000000,388000000,2787000000,-2590000000,6875000000,390000000,513000000,21639000000,-41000000,-1106000000,6094000000,-165000000,,324000000,-3856000000,6004000000,3595000000,2944000000,29856000000,41848000000,453000000,1750000000,-914000000,11992000000,7564000000,1470000000,28856000000,-7127000000,-137000000,-571000000,-518000000,1265000000,1.21,10670000000,48064000000,19186000000,185000000,-1667000000,8360000000,4066000000,-556000000,2787000000,1.21,2547000000,202000000,5112000000,2297000000,-717000000,18678000000,95000000,6021000000,706000000,57000000,4428000000,7570000000,938000000,16675000000,1122000000,6021000000,1318000000,269000000,504000000,3297000000,6485000000,74000000,464000000,6254000000,-2012000000,1532000000,2305000000,3653000000,12181000000,-43000000,26425000000,5774000000,
2014-12-31,-578000000,12557000000,605000000,2594000000,-193000000,6021000000,362000000,427000000,19892000000,529000000,-1026000000,6067000000,-175000000,,-176000000,-3024000000,5376000000,3248000000,2694000000,28615000000,39830000000,353000000,1777000000,-70000000,11215000000,7566000000,1499000000,28063000000,-6905000000,65000000,-12000000,189000000,1165000000,1.13,10053000000,44878000000,19939000000,-168000000,-1841000000,7715000000,3896000000,-2895000000,2594000000,1.13,2819000000,293000000,4765000000,2288000000,-1121000000,16269000000,112000000,5443000000,644000000,89000000,3649000000,7338000000,786000000,15580000000,1202000000,5443000000,1305000000,242000000,432000000,2702000000,6768000000,38000000,1325000000,5652000000,-4241000000,1895000000,2295000000,3845000000,12483000000,257000000,24986000000,5563000000,-1003000000
2015-12-31,-878000000,12116000000,371000000,1933000000,-101000000,5443000000,286000000,397000000,18596000000,-105000000,-876000000,5574000000,-221000000,,105000000,-3380000000,4757000000,3129000000,2052000000,25347000000,35481000000,1454000000,1444000000,-56000000,10134000000,6980000000,1406000000,26368000000,-6840000000,-219000000,162000000,658000000,965000000,0.87,9671000000,41356000000,20476000000,20000000,-1357000000,7197000000,2840000000,-2539000000,1933000000,0.87,2942000000,240000000,4342000000,2226000000,-974000000,14481000000,99000000,4565000000,638000000,85000000,3154000000,5985000000,685000000,15844000000,788000000,4565000000,1160000000,236000000,399000000,2337000000,6198000000,107000000,1633000000,5276000000,-4858000000,2340000000,2230000000,3818000000,10524000000,-112000000,22760000000,4286000000,-1879000000
2016-12-31,-921000000,11669000000,671000000,1899000000,-1401000000,4565000000,261000000,345000000,17559000000,-111000000,-831000000,5349000000,-149000000,54000000,115000000,-3355000000,4347000000,2786000000,2018000000,24081000000,33828000000,1003000000,216000000,-27000000,9747000000,6649000000,1300000000,25602000000,-6926000000,-147000000,10000000,673000000,957000000,0.91,9501000000,39499000000,19925000000,18000000,0,7293000000,2799000000,-4306000000,1899000000,0.91,3012000000,226000000,4446000000,2151000000,-1305000000,13395000000,112000000,3644000000,688000000,80000000,3098000000,5800000000,686000000,15407000000,781000000,3644000000,1135000000,227000000,349000000,1996000000,5597000000,192000000,1953000000,4743000000,-5187000000,3780000000,2154000000,3843000000,10195000000,340000000,21940000000,4195000000,-2909000000
2017-12-31,882000000,13318000000,300000000,2213000000,-1007000000,3644000000,277000000,327000000,21323000000,140000000,-949000000,5607000000,-133000000,58000000,-55000000,-1735000000,5059000000,2755000000,2371000000,24046000000,34312000000,738000000,188000000,-2130000000,10266000000,6972000000,1365000000,27913000000,-7955000000,-205000000,-80000000,718000000,1099000000,1.03,11199000000,43262000000,19594000000,39000000,-1635000000,7883000000,3231000000,-705000000,2213000000,1.04,2850000000,321000000,5419000000,2138000000,-1450000000,14819000000,11000000,4526000000,647000000,82000000,3294000000,6709000000,807000000,16273000000,860000000,4526000000,1101000000,237000000,369000000,2622000000,5628000000,163000000,1102000000,5363000000,-4345000000,1622000000,2148000000,3799000000,11640000000,599000000,21939000000,4609000000,-251000000
2018-12-31,-1081000000,9661000000,4457000000,2173000000,-830000000,4526000000,262000000,267000000,22576000000,207000000,-772000000,5295000000,-121000000,50000000,-336000000,-741000000,4284000000,1743000000,1575000000,19118000000,27662000000,2031000000,188000000,-2664000000,8544000000,6442000000,1147000000,29907000000,-5528000000,-142000000,-144000000,50000000,927000000,1.02,10764000000,44441000000,19839000000,-32000000,-1717000000,5970000000,2119000000,-352000000,2173000000,1.02,2152000000,260000000,4424000000,2132000000,-3085000000,13952000000,-76000000,3445000000,616000000,12000000,2102000000,6587000000,918000000,18447000000,544000000,3445000000,916000000,87000000,3896000000,2607000000,4157000000,42000000,712000000,4133000000,-5311000000,727000000,2139000000,2924000000,11460000000,454000000,21865000000,3297000000,-250000000
2019-12-31,99000000,10682000000,5952000000,1439000000,-2156000000,3445000000,215000000,189000000,19650000000,-251000000,-762000000,5447000000,-77000000,46000000,-182000000,-1328000000,4184000000,1744000000,1090000000,19072000000,27978000000,2287000000,188000000,-22000000,8906000000,6645000000,1198000000,32128000000,-5716000000,-83000000,-202000000,-372000000,911000000,,10825000000,46108000000,19640000000,-99000000,-1675000000,5967000000,1862000000,-748000000,1439000000,,1563000000,355000000,4353000000,,-815000000,13526000000,362000000,3544000000,674000000,7000000,2261000000,6772000000,923000000,20266000000,772000000,3544000000,961000000,33000000,531000000,2252000000,,10000000,566000000,4966000000,-5590000000,829000000,,2325000000,11862000000,130000000,26458000000,3038000000,0