date,annualDepreciationAndAmortization,annualCurrentLiabilities,annualStockBasedCompensation,annualCashFlowFromContinuingFinancingActivities,annualPurchaseOfBusiness,annualCapitalStock,annualOperatingCashFlow,annualDilutedAverageShares,annualGrossProfit,annualOtherIntangibleAssets,annualSaleOfInvestment,annualCashCashEquivalentsAndMarketableSecurities,annualEbitda,annualNetPPE,annualNetOtherInvestingChanges,annualGrossPPE,annualOtherCurrentLiabilities,annualChangeInCashSupplementalAsReported,annualInterestExpense,annualOtherNonCurrentLiabilities,annualPurchaseOfInvestment,annualRepaymentOfDebt,annualGainsLossesNotAffectingRetainedEarnings,annualAccountsPayable,annualOperatingIncome,annualInvestingCashFlow,annualCapitalExpenditure,annualPretaxIncome,annualBasicAverageShares,annualEndCashPosition,annualNonCurrentDeferredRevenue,annualOtherIncomeExpense,annualCashAndCashEquivalents,annualNetOtherFinancingCharges,annualTaxProvision,annualCurrentDebt,annualInvestmentsAndAdvances,annualOperatingExpense,annualNetIncomeContinuousOperations,annualBasicEPS,annualTotalRevenue,annualCostOfRevenue,annualChangeInAccountPayable,annualDeferredIncomeTax,annualTotalNonCurrentLiabilitiesNetMinorityInterest,annualCommonStockIssuance,annualTotalLiabilitiesNetMinorityInterest,annualRepurchaseOfCapitalStock,annualAccumulatedDepreciation,annualChangesInAccountReceivables,annualCurrentAssets,annualChangeInWorkingCapital,annualOtherNonCurrentAssets,annualNetIncomeCommonStockholders,annualDilutedEPS,annualRetainedEarnings,annualTotalAssets,annualNetIncome,annualCashDividendsPaid,annualAccountsReceivable,annualBeginningCashPosition,annualTotalNonCurrentAssets,annualFreeCashFlow,annualStockholdersEquity,annualSellingGeneralAndAdministration,annualOtherNonCashItems,annualLongTermDebt,annualOtherCurrentAssets,annualCurrentAccruedExpenses,annualGoodwill,annualChangeInInventory,annualIncomeTaxPayable,annualInventory,annualResearchAndDevelopment,annualNonCurrentDeferredTaxesLiabilities,annualCurrentDeferredRevenue,annualOtherShortTermInvestments
2001-12-31,,,,72832000,,,5338000,12221000,,,,,40752000,,-68540000,,,,,,,,,,40752000,-68540000,,,12100000,,,,,72832000,,,,,-3300000,-0.242893,40752000,,,,,,255065000,,,,,,,-2939000,-0.242893,,295637000,-2939000,,,,,5338000,40572000,,,234449000,,,,,,,,,,
2002-12-31,,,,11646000,,,7647000,12221000,,,,,47091000,,-21678000,,,,,,,,,,47091000,-21678000,,,12100000,,,,,11646000,,,,,-2790000,-0.176777,47091000,,,,,,272132000,,,,,,,-2139000,-0.176777,,307658000,-2139000,,,,,7647000,35526000,,,249706000,,,,,,,,,,
2003-12-31,9213996.0,29076904.0,,22140636,,,6257826,12221000,,,,5227191.0,26667385,223915889.0,-7975713,,3926557.0,-5338925.0,17911127.0,9133485.0,-25564397.0,-6355402.0,-197595.0,5298871.0,17453389,-33737387,-197277.0,,12100000,5227191.0,,-586515.0,5227191.0,7559991,,11403392.0,,42468084.0,-960038,-0.078057,59921473,,,,273327067.0,,302403971,,,,32531769.0,-1064115.0,74118801.0,-944488,-0.078057,,330566459,-944488,-10310574.0,,10566116.0,298034690.0,6060549,27657854,2778170.0,-1534082.0,264193582,24950059.0,,,,,,,,,
2004-12-31,10344000.0,,,45151000,,126000.0,17293000,12221000,,,,4050000.0,24844000,340514000.0,0,,,-1177000.0,16698000.0,,,-108552000.0,42000.0,,14500000,-63621000,-63621000.0,-2400000.0,12100000,4658000.0,,-284000.0,4050000.0,-120496000,-728000.0,0.0,,46323000.0,-1572000,-0.106143,60823000,,684000.0,,,220763000.0,226751000,,,-2679000.0,,5420000.0,,-1339000,-0.106143,1802000.0,367628000,-1339000,,,5835000.0,,-46328000,138229000,5234000.0,1514000.0,201014000,,,,,,,,,,
2005-12-31,16471000.0,,,111332000,,172000.0,20429000,15047202,,,,24641000.0,37042000,497468000.0,651000,,,20006000.0,17368000.0,,,-5461000.0,484000.0,,20571000,-111755000,-140429000.0,4131000.0,14882944,24641000.0,,103000.0,24641000.0,36725000,186000.0,,,66903000.0,3781000,0.65,87474000,,4066000.0,,,102938000.0,324784000,-6598000.0,,-4220000.0,,-154000.0,,9662000,0.65,-10817000.0,550862000,9662000,-20343000.0,,4635000.0,,-120000000,223227000,6714000.0,-5550000.0,291646000,,,,,,,,,,
2006-12-31,25499000.0,,,121947000,,229000.0,35237000,20967946,,,,79107000.0,55299000,770885000.0,0,,,54466000.0,25937000.0,,,-6527000.0,411000.0,,29800000,-102718000,-152763000.0,3728000.0,18907061,79107000.0,,-1365000.0,79107000.0,-19439000,28000.0,,,89153000.0,1662000,1.2,118953000,,5801000.0,,,140036000.0,475346000,-6854000.0,,-2814000.0,,2987000.0,,22597000,1.17,-13533000.0,884381000,22597000,-27415000.0,,24641000.0,,-117526000,369474000,6278000.0,-15846000.0,432294000,,,,,,,,,,
2007-12-31,30444000.0,,,91510000,,273000.0,29047000,26099140,,,,12073000.0,57611000,1019967000.0,-142265000,,,-67034000.0,27871000.0,,-1600000.0,-7792000.0,-1875000.0,,27167000,-187591000,-43726000.0,-675000.0,24186213,12073000.0,,-1448000.0,12073000.0,-29823000,756000.0,,,119968000.0,-1686000,-0.07,147135000,,2356000.0,,,99015000.0,600668000,-243000.0,,-7810000.0,,-5454000.0,,-1686000,-0.07,-48181000.0,1076296000,-1686000,-35775000.0,,79107000.0,,-14679000,444377000,17660000.0,5743000.0,533430000,,,,,,,,,,
2008-12-31,57555000.0,91492000.0,2099000.0,413050000,-279968000.0,423000.0,32887000,38316269,109055000.0,,,25600000.0,95209000,2056135000.0,120000,2169487000.0,56052000.0,13527000.0,50038000.0,0.0,-139570000.0,-34605000.0,-5117000.0,,40226000,-432410000,-17410000.0,-12384000.0,36947656,25600000.0,,-3703000.0,25600000.0,-77480000,388000.0,1262221000.0,,68829000.0,-13008000,-0.35,235413000,126358000.0,,,1276921000.0,264500000.0,1368413000,-131000.0,-113352000.0,,127774000.0,-17465000.0,0.0,-13055000,-0.35,-111828000.0,2183909000,-13055000,,,12073000.0,2056135000.0,15477000,787984000,11274000.0,2345000.0,1276921000,64431000.0,,,,,,,,,
2009-12-31,77348000.0,72030000.0,2811000.0,83056000,0.0,521000.0,79562000,48706480,155175000.0,,,66093000.0,138243000,2080660000.0,250000,2254480000.0,45487000.0,40493000.0,62747000.0,36722000.0,-115130000.0,-136612000.0,-4356000.0,,65912000,-122125000,-8730000.0,-1852000.0,48706480,66093000.0,,-5137000.0,66093000.0,-87385000,540000.0,,,89263000.0,-2392000,-0.28,309590000,154415000.0,,540000.0,1223455000.0,207719000.0,1295485000,0.0,-173820000.0,,154321000.0,-3538000.0,0.0,-12840000,-0.28,-189165000.0,2234981000,-12840000,,,25600000.0,2080660000.0,70832000,899030000,13062000.0,-12840000.0,1223455000,52948000.0,,,,,,,,,
2010-12-31,77568000.0,95782000.0,3745000.0,175493000,-499000.0,667000.0,118084000,59338227,178681000.0,,,113507000.0,163883000,2496330000.0,2910000,2736690000.0,61011000.0,47414000.0,60654000.0,34704000.0,,-177562000.0,-5503000.0,,86942000,-246163000,-250688000.0,25661000.0,57682808,113507000.0,,-814000.0,113507000.0,-97616000,570000.0,,,91739000.0,25091000,0.27,344991000,166310000.0,,570000.0,1345103000.0,388871000.0,1440885000,0.0,-240360000.0,,197154000.0,12148000.0,0.0,16210000,0.26,-249381000.0,2693484000,16210000,,,66093000.0,2496330000.0,-132604000,1213962000,14505000.0,16210000.0,1345103000,51147000.0,,,,,,,,,
2011-12-31,89271000.0,114724000.0,4367000.0,218157000,-3275000.0,725000.0,131033000,69807394,203222000.0,,,22399000.0,183987000,2761757000.0,-22453000,3057805000.0,77840000.0,-91108000.0,52214000.0,42529000.0,-209675000.0,-499441000.0,-3360000.0,,99893000,-440298000,-285271000.0,42502000.0,69243203,22399000.0,,-5761000.0,22399000.0,-4919000,433000.0,,,103329000.0,42069000,0.81,390317000,187095000.0,,433000.0,1447530000.0,208980000.0,1562254000,,-296048000.0,,50679000.0,-7730000.0,196146000.0,56629000,0.8,-286565000.0,3008582000,56629000,-93813000.0,,113507000.0,2957903000.0,-154238000,1375216000,16360000.0,5252000.0,1447530000,0.0,,,,,,,,,
2012-12-31,116490000.0,56046000.0,5350000.0,1275832000,0.0,1043000.0,203038000,85309451,259012000.0,,,21454000.0,230538000,4871376000.0,2276000,5267845000.0,0.0,-945000.0,56577000.0,107223000.0,-2000000.0,-815695000.0,-6661000.0,,115915000,-1479815000,-33473000.0,57471000.0,84711584,21454000.0,,855000.0,21454000.0,-75927000,725000.0,,57346000.0,143097000.0,56746000,0.66,491290000,232278000.0,,725000.0,2385862000.0,1391750000.0,2441908000,-132000.0,-396469000.0,-8750000.0,72366000.0,21962000.0,117874000.0,55788000,0.65,-347521000.0,5118962000,56636000,-117592000.0,14122000.0,22399000.0,5046596000.0,169565000,2648381000,27213000.0,1316000.0,2221105000,0.0,,,,,,,,,
2013-12-31,187475000.0,65088000.0,6625000.0,280618000,0.0,1043000.0,246678000,105382320,338809000.0,,,38751000.0,313959000,5199008000.0,-62683000,5724768000.0,0.0,17297000.0,78028000.0,110036000.0,-342378000.0,-830326000.0,-1435000.0,,131753000,-509999000,-70246000.0,48456000.0,104760502,38751000.0,,-2666000.0,38751000.0,-13119000,1020000.0,,73456000.0,207056000.0,47436000,0.99,657462000,318653000.0,,1020000.0,2902387000.0,0.0,2967475000,0.0,-525760000.0,4621000.0,97848000.0,7586000.0,227728000.0,103717000,0.98,-392338000.0,5598040000,104644000,-149461000.0,9238000.0,21454000.0,5500192000.0,176432000,2624901000,22068000.0,-8288000.0,2744387000,0.0,,,,,,,,,
2014-12-31,197542000.0,70629000.0,7164000.0,155648000,,1072000.0,259898000,105711420,381256000.0,,2984000.0,25062000.0,350596000,5308538000.0,6259000,5983169000.0,0.0,-13689000.0,90362000.0,121645000.0,-257177000.0,-805867000.0,-6072000.0,,157429000,-429235000,-79025000.0,62692000.0,105032155,25062000.0,67000000.0,-2625000.0,25062000.0,-12768000,1308000.0,,94128000.0,223827000.0,61384000,0.59,733915000,352659000.0,,1308000.0,3148836000.0,89317000.0,3219465000,0.0,-674462000.0,-959000.0,198158000.0,-3455000.0,233755000.0,61763000,0.58,-487986000.0,5834748000,62839000,-158487000.0,10145000.0,38751000.0,5636590000.0,180873000,2609554000,26332000.0,-6955000.0,2972719000,0.0,,,,,,,,,
2015-12-31,208788000.0,71988000.0,8161000.0,-29934000,-1065000.0,1124000.0,260986000,114032222,394762000.0,,7483000.0,16659000.0,415880000,5522271000.0,-1383000,6299611000.0,0.0,-8403000.0,87789000.0,144811000.0,-224812000.0,-1173381000.0,-5830000.0,,156904000,-239455000,-99775000.0,119303000.0,111987361,16659000.0,71700000.0,51317000.0,16659000.0,-10544000,1242000.0,,90129000.0,237858000.0,118061000,1.03,753381000,358619000.0,,1242000.0,3172302000.0,216666000.0,3244290000,-3871000.0,-777340000.0,-9397000.0,124163000.0,-18081000.0,289384000.0,114905000,1.02,-550501000.0,6025947000,115991000,-178506000.0,18475000.0,25062000.0,5901784000.0,161211000,2770196000,29070000.0,-6668000.0,2967980000,0.0,,,,,,,,,
2016-12-31,211387000.0,76614000.0,10043000.0,-271052000,-7254000.0,1322000.0,308089000,130018729,421085000.0,1300000.0,0.0,22140000.0,391847000,5427014000.0,259000,6286141000.0,0.0,5481000.0,78687000.0,158437000.0,-424139000.0,-1335691000.0,-4067000.0,,178038000,-31556000,-64531000.0,101773000.0,129228748,22140000.0,44400000.0,3461000.0,22140000.0,-63183000,1150000.0,,85797000.0,243047000.0,100623000,0.76,786361000,365276000.0,,1150000.0,2338812000.0,816065000.0,2415426000,0.0,-859127000.0,8709000.0,80735000.0,-7121000.0,271067000.0,97723000,0.75,-670137000.0,5865913000,99061000,-218697000.0,8428000.0,16659000.0,5785178000.0,243558000,3444985000,31660000.0,-5145000.0,2125297000,0.0,,,,,,,,,
2017-12-31,234955000.0,53741000.0,13854000.0,676887000,0.0,1364000.0,319954000,136002385,434409000.0,4200000.0,,41182000.0,377187000,6450364000.0,-773000,7485391000.0,0.0,19042000.0,71122000.0,187983000.0,,-1297202000.0,-2701000.0,,157855000,-977799000,-86255000.0,71110000.0,135141423,41182000.0,47800000.0,-15949000.0,41182000.0,-84796000,989000.0,,81804000.0,276554000.0,70121000,0.5,796447000,362038000.0,,989000.0,3344671000.0,190912000.0,3398412000,0.0,-1035027000.0,-414000.0,73942000.0,-13455000.0,287060000.0,67502000,0.5,-837644000.0,6897370000,69038000,-236545000.0,9170000.0,22140000.0,6823428000.0,233699000,3484985000,41599000.0,-2871000.0,3024519000,0.0,,,,,,,,,
2018-12-31,263203000.0,88767000.0,12176000.0,936000,,1370000.0,376621000,137722049,477228000.0,1100000.0,,71238000.0,483984000,,-1669000,,,41745000.0,99228000.0,191233000.0,,-1483851000.0,-4397000.0,,170281000,-335812000,-74463000.0,121553000.0,136815051,106517000.0,50600000.0,51482000.0,71238000.0,208926000,2429000.0,,,306947000.0,119124000,0.84,880810000,403582000.0,,2429000.0,3403278000.0,0.0,3492045000,,,148000.0,115082000.0,29818000.0,261630000.0,115573000,0.84,-971070000.0,7038846000,117095000,-250521000.0,8565000.0,64772000.0,6923764000.0,302158000,3481051000,46392000.0,-360000.0,3027599000,,,,,,,,,,
