date,annualInventory,annualCashFlowFromContinuingFinancingActivities,annualChangeInInventory,annualCurrentLiabilities,annualPurchaseOfBusiness,annualCapitalStock,annualStockBasedCompensation,annualCashCashEquivalentsAndMarketableSecurities,annualSaleOfInvestment,annualOtherIntangibleAssets,annualNetPPE,annualOperatingCashFlow,annualGrossProfit,annualEbitda,annualNonCurrentDeferredTaxesLiabilities,annualGoodwill,annualOtherCurrentLiabilities,annualNetOtherInvestingChanges,annualChangeInCashSupplementalAsReported,annualGrossPPE,annualPurchaseOfInvestment,annualOtherNonCurrentLiabilities,annualPretaxIncome,annualInterestExpense,annualIncomeTaxPayable,annualOtherIncomeExpense,annualInvestingCashFlow,annualRepaymentOfDebt,annualAccountsPayable,annualCapitalExpenditure,annualOperatingIncome,annualEndCashPosition,annualNonCurrentDeferredRevenue,annualBasicAverageShares,annualTaxProvision,annualNetOtherFinancingCharges,annualCashAndCashEquivalents,annualCurrentAccruedExpenses,annualNetIncomeContinuousOperations,annualCurrentDeferredRevenue,annualCostOfRevenue,annualTotalRevenue,annualInvestmentsAndAdvances,annualCurrentDebt,annualCommonStockIssuance,annualAccumulatedDepreciation,annualOperatingExpense,annualTotalLiabilitiesNetMinorityInterest,annualDeferredIncomeTax,annualChangeInAccountPayable,annualGainsLossesNotAffectingRetainedEarnings,annualResearchAndDevelopment,annualOtherNonCurrentAssets,annualTotalNonCurrentLiabilitiesNetMinorityInterest,annualBasicEPS,annualChangeInWorkingCapital,annualCurrentAssets,annualRepurchaseOfCapitalStock,annualChangesInAccountReceivables,annualRetainedEarnings,annualTotalAssets,annualNetIncomeCommonStockholders,annualDilutedAverageShares,annualBeginningCashPosition,annualAccountsReceivable,annualNetIncome,annualCashDividendsPaid,annualFreeCashFlow,annualSellingGeneralAndAdministration,annualTotalNonCurrentAssets,annualOtherNonCashItems,annualDilutedEPS,annualOtherCurrentAssets,annualLongTermDebt,annualDepreciationAndAmortization,annualStockholdersEquity,annualOtherShortTermInvestments
1993-12-31,136400000,83800000,-14600000,145900000,,,,32500000,,34100000,674900000,101600000,280900000,137100000,117200000,,55000000,-107800000.0,-10500000,1360400000,,40300000,42500000,7800000,,1600000,-195900000,,76900000,-88100000,48600000,0,,117837838,20700000,97500000,32500000,,21800000,,622500000,903400000,,14000000,,-685500000,232300000,384800000,2700000.0,,,,48500000,238900000,0.185,-18600000,327500000,,,,1085000000,21800000,117837838,43000000,,21800000,,13500000,143800000,757500000,-100000.0,0.185,18200000,81400000,88500000,700200000,
1994-12-31,156600000,-57100000,-13500000,181100000,,,,32100000,,30900000,665100000,110700000,338800000,187200000,123900000,,63400000,16400000.0,-400000,1426400000,,51400000,89400000,14500000,,9800000,-54000000,,99100000,-70400000,93900000,0,,129873418,38100000,4500000,32100000,,51300000,,742100000,1080900000,,18600000,99500000.0,-761300000,244900000,594200000,-5200000.0,,,28100000.0,53100000,413100000,0.395,-29400000,390100000,,,31100000.0,1139200000,51300000,129873418,32500000,,51300000,-9600000.0,40300000,123500000,749100000,-1000000.0,0.395,19400000,237800000,93300000,545000000,
1995-12-31,177600000,-61500000,-27800000,194200000,,,,33100000,,29000000,685900000,116200000,371100000,211100000,133100000,,74400000,58600000.0,1000000,1493900000,,54500000,131600000,13300000,,27900000,-53800000,,102800000,-112400000,117000000,0,,132542373,53400000,100000,33100000,,78200000,,873100000,1244200000,,17000000,,-808000000,254100000,581900000,-2400000.0,,,29500000.0,60800000,387700000,0.59,-28100000,428800000,,,95500000.0,1204500000,78200000,132542373,32100000,,78200000,-13500000.0,3800000,130500000,775700000,-5300000.0,0.59,20000000,200100000,94100000,622600000,
1996-12-31,84499000,-446581000,-3234000,147948000,,550000.0,,14242000,,23092000,495724000,28469000,243128000,164470000,104543000,,17740000,2318000.0,-18888000,1148832000,,64166000,253079000,2529000,,162182000,399224000,,66968000,-90439000,93426000,14242000,,117684000,97020000,1898000,14242000,55783000.0,156059000,,611353000,854481000,,7457000,,-653108000,149702000,341063000,-21404000.0,,16677000.0,30442000.0,68304000,193115000,1.325,-11659000,259141000,-251518000.0,,237081000.0,846261000,156059000,119976000,33130000,141293000.0,156059000,-14233000.0,-61970000,119260000,587120000,-7414000.0,1.325,0,24406000,71044000,505198000,
1997-12-31,90283000,11562000,-11378000,112560000,,539000.0,,34322000,,17601000,496640000,98808000,261426000,189751000,97167000,,13935000,-5006000.0,20080000,1188252000,,69704000,120905000,719000,,917000,-90290000,,50668000,-85284000,120707000,34322000,,110328000,40923000,0,34322000,47578000.0,79982000,,568424000,829850000,,379000,4951000.0,-691612000,140719000,370845000,8070000.0,,-1445000.0,31446000.0,77204000,258285000,0.725,-56759000,296736000,-37515000.0,,299401000.0,888181000,79982000,111336000,14242000,154421000.0,79982000,-16563000.0,13524000,109273000,591445000,-1529000.0,0.72,0,91414000,69044000,517336000,
1998-12-31,127206000,-60593000,-31557000,107936000,,470000.0,,21180000,,21291000,514668000,137214000,260805000,200727000,110000000,,9155000,2213000.0,-13142000,1259340000,,75664000,122798000,4487000,,1570000,-89763000,,45073000,-76747000,125715000,21180000,,103116000,38066000,0,21180000,53300000.0,84732000,,560057000,820862000,,408000,419000.0,-744672000,135090000,486130000,7730000.0,,7360000.0,29655000.0,90308000,378194000,0.82,-23638000,311530000,-140605000.0,,365113000.0,937797000,84732000,104272000,34322000,145207000.0,84732000,-19271000.0,60467000,105435000,626267000,-6622000.0,0.815,0,192530000,75012000,451667000,
1999-12-31,110816000,-68323000,12548000,131353000,,462000.0,,48621000,157516000.0,17897000,495385000,164297000,264545000,189876000,92011000,,18683000,56000.0,27441000,1287507000,-145871000.0,81185000,128738000,8379000,,12299000,-65868000,,61386000,-77569000,114126000,48621000,,93778000,39909000,0,48621000,50505000.0,88829000,,581380000,845925000,,779000,646000.0,-792122000,150419000,463530000,-2887000.0,,-9013000.0,34288000.0,108213000,332177000,0.945,25239000,332599000,-15474000.0,,435211000.0,954094000,88829000,95026000,21180000,155140000.0,88829000,-18797000.0,86728000,105439000,621495000,-8286000.0,0.935,0,158981000,75750000,490564000,
2000-12-31,107418000,-87943000,3423000,142116000,,458000.0,,19300000,,22455000,490074000,155067000,271463000,223912000,99603000,,12589000,800000.0,-29321000,1326534000,-10733000.0,83496000,147501000,5998000,,11471000,-97187000,,72296000,-52248000,150162000,19300000,,91764000,45725000,0,19300000,56932000.0,101776000,,646086000,917549000,,299000,1313000.0,-836460000,121301000,422896000,13405000.0,,-14688000.0,26201000.0,154120000,280780000,1.11,-5438000,315154000,-9798000.0,,515914000.0,981803000,101776000,93212000,48621000,174297000.0,101776000,-19752000.0,102819000,103234000,666649000,,1.09,0,97681000,73750000,558907000,
2001-12-31,159661000,43572000,2094000,303837000,,455000.0,,30585000,,31748000,529672000,143965000,221335000,176060000,99714000,,22438000,-217000.0,11285000,1425203000,-12370000.0,120269000,97196000,5536000,,2231000,-175735000,,63559000,-49903000,98450000,30585000,,91532000,29029000,862000,30585000,59978000.0,68167000,,695564000,916899000,,157862000,,-895531000,122885000,536173000,3517000.0,,-18453000.0,21919000.0,184394000,232336000,0.745,11329000,383661000,-7585000.0,,560275000.0,1129475000,68167000,93048000,19300000,175160000.0,68167000,-23844000.0,94062000,98915000,745814000,,0.735,0,12353000,77610000,593302000,
2002-12-31,160805000,-105092000,6268000,165007000,,417000.0,,37636000,,35171000,519071000,144771000,235236000,186128000,128849000,,24521000,-2627000.0,7051000,1497989000,,149223000,103813000,5070000,,1808000,-41009000,,75092000,-38382000,105525000,37636000,,84208000,29068000,2455000,37636000,65051000.0,74745000,,744979000,980215000,,343000,,-978918000,129711000,623216000,10888000.0,,-4514000.0,16485000.0,225650000,458209000,0.89,5422000,413064000,-93074000.0,,571551000.0,1192956000,74745000,86274000,30585000,197089000.0,74745000,-22979000.0,106389000,111676000,779892000,2408000.0,0.865,0,180137000,80603000,569740000,
2003-12-31,204703000,-6280000,-16309000,210071000,,412000.0,,35173000,,118584000,527005000,150098000,238510000,176838000,143665000,,27840000,-113348000.0,-12611000,1605048000,-11986000.0,168945000,88055000,5376000,,-9442000,-166392000,,111431000,-41058000,92824000,35173000,,82510000,13890000,0,35173000,70610000.0,74165000,,871727000,1110237000,,190000,1665000.0,-1078043000,145686000,751070000,4165000.0,,23643000.0,18411000.0,260333000,540999000,0.87,-1946000,481369000,-17588000.0,,611430000.0,1387291000,71945000,84292000,47784000,226026000.0,71945000,-26228000.0,109040000,117226000,905922000,8944000.0,0.855,0,228389000,84014000,636221000,
2004-12-31,338757000,686332000,-18077000,373746000,,419000.0,,46390000,,404128000,895984000,191555000,312349000,215749000,248751000,,38241000,-12848000.0,11217000,2064585000,-12881000.0,209289000,71844000,17350000,,-34145000,-868628000,,202410000,-57652000,118481000,46390000,,83134000,17005000,-10562000,46390000,88048000.0,54839000,,1201388000,1513737000,,45047000,11907000.0,-1168601000,193868000,1731370000,-8130000.0,,46203000.0,31273000.0,395223000,1357624000,0.66,20618000,747410000,-827000.0,,641914000.0,2442745000,54839000,85054000,35173000,341551000.0,54839000,-30142000.0,133903000,157737000,1695335000,4412000.0,0.645,0,899584000,97268000,711375000,
2005-12-31,411023000,-69229000,-73022000,421917000,,467000.0,,58570000,3135000.0,394470000,966817000,168862000,423398000,281331000,193950000,,23647000,-3088000.0,12180000,2194878000,-521000.0,225212000,149929000,41971000,,29902000,-78027000,,222142000,-70080000,163896000,58570000,,92696000,27593000,-2110000,58570000,118564000.0,114867000,,1684101000,2107499000,,57564000,154208000.0,-1228061000,259502000,1616968000,10185000.0,,12047000.0,41675000.0,312293000,1195051000,1.24,-70781000,873663000,,,727874000.0,2547243000,114867000,95496000,46390000,351989000.0,114867000,-29847000.0,98782000,219725000,1673580000,-2380000.0,1.205,0,775889000,117435000,930275000,
2006-12-31,378302000,-143525000,38626000,482949000,,949000.0,,149499000,,151951000,980575000,376294000,550814000,379609000,100868000,251100000.0,69908000,-14991000.0,90929000,2169433000,-4312000.0,236594000,133386000,43964000,,-64276000,-145120000,,202488000,-99847000,266659000,149499000,,94624000,2192000,3469000,149499000,159822000.0,142969000,,1817692000,2368506000,,50731000,21395000.0,-1188858000,284155000,1502270000,-60856000.0,,-10058000.0,46299000.0,185888000,1019321000,1.51,57425000,960854000,-31837000.0,,838162000.0,2530368000,142969000,97136000,58570000,400053000.0,142969000,-31582000.0,276447000,237856000,1569514000,15838000.0,1.47,0,681859000,112950000,1028098000,
2007-12-31,472826000,-139670000,-70636000,402917000,,947000.0,,130551000,414000.0,171354000,1038543000,242542000,622491000,421686000,107089000,270185000.0,32108000,0.0,-18948000,2314509000,-5023000.0,280467000,277819000,38332000,,25901000,-132930000,,198817000,-98740000,314831000,130551000,,95254000,55078000,5178000,130551000,155365000.0,229690000,,1713696000,2336187000,,16627000,21949000.0,-1275966000,307660000,1497784000,-9128000.0,,99885000.0,62691000.0,269992000,1094867000,2.41,-78963000,1053438000,-101209000.0,,1023022000.0,2830450000,229690000,97216000,149499000,425362000.0,229690000,-40031000.0,143802000,244969000,1777012000,-2549000.0,2.36,0,707311000,106855000,1278305000,
2008-12-31,538857000,-13621000,-87929000,438367000,-63960000.0,910000.0,18467000.0,253303000,6000000.0,167011000,1012348000,315747000,607674000,333203000,74838000,278767000.0,405667000,-2556000.0,122752000,2322996000,-3452000.0,193495000,183343000,38175000,7645000.0,-63732000,-163704000,-48283000.0,224333000,-99736000,285250000,253303000,,91338000,-6539000,255618000,253303000,170512000.0,213008000,,1859441000,2467115000,121951000.0,26202000,,-1310648000,322424000,1806946000,-12048000.0,33452000.0,-100642000.0,67292000.0,113717000,1368579000,2.13,-8419000,1178923000,-168952000.0,90481000.0,1165503000.0,2872717000,194202000,92530000,130551000,327758000.0,194202000,-55935000.0,216011000,255132000,1693794000,-28395000.0,2.1,905849000,906062000,111685000,1065771000,
2009-12-31,347506000,-180783000,180132000,353264000,-20457000.0,915000.0,307000.0,308791000,0.0,150523000,1026883000,358525000,483862000,285370000,81441000,292721000.0,322111000,0.0,55488000,2406129000,-387000.0,104782000,160273000,24584000,2393000.0,-13066000,-121630000,-134332000.0,170287000,-100786000,197923000,308791000,,91512000,-7028000,-2951000,308791000,133268000.0,189623000,,1521532000,2005394000,146084000.0,36310000,,-1379246000,285939000,1518239000,1720000.0,-53543000.0,-91860000.0,60918000.0,123259000,1164975000,1.95,104131000,1032087000,-5812000.0,1269000.0,1287983000.0,2771557000,178368000,92046000,253303000,329215000.0,178368000,-56141000.0,257739000,212628000,1739470000,-10228000.0,1.94,46575000,776403000,100513000,1205696000,
2010-12-31,389210000,-7938000,-58582000,364177000,-24627000.0,916000.0,15694000.0,529650000,652000.0,134764000,1006313000,331309000,745922000,513214000,109570000,272238000.0,355194000,0.0,220859000,2440178000,-1338000.0,108811000,392103000,25533000,23780000.0,-4170000,-92191000,-424123000.0,175183000,-75478000,421806000,529650000,,91393000,92719000,-3988000,529650000,143684000.0,337359000,,1616842000,2362764000,180690000.0,8983000,,-1433865000,324116000,1592335000,,13463000.0,-164196000.0,58394000.0,125878000,1228158000,3.54,-85788000,1348198000,-14945000.0,-57414000.0,1560519000.0,3068081000,323720000,92184000,308791000,374660000.0,323720000,-49643000.0,255831000,265722000,1719883000,50162000.0,3.51,54678000,851927000,95578000,1416074000,
2011-12-31,431495000,-329119000,-41749000,401178000,-13164000.0,888000.0,27069000.0,469416000,1670000.0,130281000,1129480000,487359000,977059000,684950000,77903000,273145000.0,51277000,0.0,-60234000,2619428000,-10868000.0,111107000,550623000,37574000,11796000.0,357000,-212936000,-109591000.0,184472000,-190574000,587840000,469416000,,90522000,-130014000,4718000,469416000,17600000.0,464363000,18819000.0,1891946000,2869005000,198427000.0,14416000,,-1489948000,389219000,1524997000,14682000.0,-11971000.0,-222922000.0,77083000.0,116871000,1123819000,4.82,-49614000,1355620000,-178132000.0,-16435000.0,1798117000.0,3203824000,436280000,91522000,529650000,391571000.0,436280000,-57759000.0,296785000,312136000,1848204000,21046000.0,4.77,63138000,749257000,96753000,1591277000,
2012-12-31,428145000,-177294000,7364000,385009000,-3360000.0,889000.0,15211000.0,477696000,,94464000,1296571000,488766000,909995000,506413000,63368000,276966000.0,372309000,-24959000.0,8280000,2818604000,-1615000.0,27486000,374593000,32800000,4426000.0,-110456000,-301161000,-63811000.0,172866000,-280873000,517849000,477696000,3362000.0,89189000,82533000,-1943000,477696000,99124000.0,330127000,13955000.0,1835425000,2745420000,207141000.0,12700000,,-1522033000,392146000,1505283000,-14587000.0,-16798000.0,85264000.0,78919000.0,39519000,1120274000,3.49,-47710000,1407313000,-63575000.0,-25992000.0,1744684000.0,3437291000,311536000,89884000,469416000,378973000.0,311536000,-69113000.0,207893000,313227000,2029978000,57103000.0,3.47,929617000,686588000,99020000,1833598000,
2013-12-31,436049000,-288046000,-1810000,436363000,-2565000.0,801000.0,10164000.0,477239000,169000.0,88203000,1357069000,432859000,861405000,683356000,129188000,284203000.0,411809000,0.0,-457000,2972084000,0.0,29159000,544427000,31559000,8015000.0,-40284000,-157742000,-135733000.0,194064000,-155346000,616270000,477239000,2444000.0,83839000,136322000,-13005000,477239000,106818000.0,439834000,17896000.0,1755011000,2616416000,212178000.0,24554000,,-1615015000,245135000,1842021000,64865000.0,21316000.0,116245000.0,82246000.0,43708000,1405658000,4.93,-31003000,1482915000,-582298000.0,-65906000.0,1500358000.0,3584797000,413171000,84322000,477696000,446864000.0,413171000,-78107000.0,277513000,162889000,2101882000,-8620000.0,4.9,1005676000,1054310000,107370000,1627361000,
2014-12-31,358361000,1609329000,-6486000,1139886000,0.0,780000.0,14267000.0,2489768000,649000.0,44125000,1231868000,492609000,770848000,358109000,56884000,243262000.0,428790000,-7499000.0,2012529000,2620670000,-33425000.0,18261000,213179000,41358000,9453000.0,-72866000,-46133000,-11842000.0,231705000,-110576000,327403000,2489768000,2010000.0,78696000,18484000,-35637000,2489768000,89825000.0,230437000,10370000.0,1674700000,2445548000,194042000.0,711096000,,-1388802000,443445000,3734468000,-64947000.0,28296000.0,-62413000.0,88310000.0,18749000,2594582000,1.69,57160000,3348850000,-150000000.0,36221000.0,1410651000.0,5223103000,133316000,79102000,477239000,385212000.0,133316000,-84102000.0,382033000,355135000,1874253000,-840000.0,1.69,859082000,2223035000,103572000,1359465000,
2015-12-31,508728000,-478325000,27649000,1616685000,-2100490000.0,1122000.0,15188000.0,213734000,998000.0,1733047000,2484738000,360689000,1196872000,750985000,736317000,2893811000.0,128706000,57550000.0,-2276034000,3881162000,0.0,60483000,358187000,132722000,69432000.0,-90818000,-2160552000,-2626241000.0,306517000,-227649000,581727000,213734000,,111182000,29122000,-37924000,213734000,277143000.0,360064000,,2454463000,3651335000,455417000.0,677345000,,-1396424000,615145000,6213701000,-136298000.0,23745000.0,-421288000.0,102871000.0,38713000,4597016000,3.01,-41534000,1831003000,0.0,-8788000.0,1615407000.0,9615014000,334906000,111556000,2489768000,552828000.0,334906000,-119302000.0,133040000,512274000,7784011000,-85543000.0,3.0,4331000,3174674000,260076000,3254392000,
2016-12-31,450263000,-1577903000,25974000,1140103000,-208734000.0,1125000.0,17031000.0,2269756000,305000.0,354564000,2360140000,733403000,970576000,806614000,412739000,1540032000.0,892559000,0.0,2056022000,3910522000,0.0,37708000,515264000,65181000,254416000.0,70808000,2920488000,-1416023000.0,281874000,-196654000,509637000,2269756000,,112379000,96263000,-35928000,2269756000,229687000.0,478638000,,1706627000,2677203000,457533000.0,247544000,,-1550382000,460939000,4218603000,21121000.0,43953000.0,-412412000.0,80475000.0,34336000,3078500000,5.73,239195000,3306618000,0.0,-42816000.0,2121931000.0,8161207000,643675000,113239000,213734000,486035000.0,643675000,-135353000.0,536749000,380464000,4854589000,41401000.0,5.68,1254000,2121718000,226169000,3795062000,
2017-12-31,592781000,-1086868000,-101545000,1200925000,-47932000.0,1105000.0,19404000.0,1137303000,-275000.0,421503000,2493310000,303979000,1109980000,759076000,370389000,1610355000.0,1938000,1250000.0,-1132453000,4124335000,-275000.0,33758000,446798000,115350000,54937000.0,-25601000,-357803000,-686417000.0,418537000,-317703000,587749000,1137303000,,110914000,431817000,-45132000,1137303000,174943000.0,99468000,,1961996000,3071976000,534064000.0,422012000,,-1631025000,522231000,3933076000,-41941000.0,53421000.0,-225668000.0,84330000.0,174268000,2732151000,0.49,-392263000,2477563000,-250000000.0,-74545000.0,2035163000.0,7750772000,54850000,112380000,2269756000,534326000.0,54850000,-140557000.0,-13724000,437901000,5273209000,430254000.0,0.49,2586000,1415360000,196928000,3674549000,
2018-12-31,700540000,-786526000,-124067000,1183173000,-17003000.0,1056000.0,15228000.0,555320000,,386143000,3021084000,546165000,1217256000,1047804000,382982000,1567169000.0,875879000,,-581983000,4799063000,-270000.0,32816000,794701000,52405000,60871000.0,145994000,-303695000,-113567000.0,522516000,-699991000,701112000,555320000,,108427000,144826000,-31996000,555320000,179509000.0,739139000,,2157694000,3374950000,528722000.0,307294000,,-1777979000,516144000,3822566000,49164000.0,73730000.0,-350682000.0,70054000.0,50122000,2639393000,6.4,-151965000,1998421000,-500000000.0,-97448000.0,2566050000.0,7581674000,693562000,109458000,1137303000,605712000.0,693562000,-144596000.0,-153826000,446090000,5583253000,-73705000.0,6.34,1502000,1397916000,200698000,3585321000,
