date,annualEbitda,annualRepaymentOfDebt,annualOtherNonCurrentLiabilities,annualOtherCurrentLiabilities,annualChangeInCashSupplementalAsReported,annualCashCashEquivalentsAndMarketableSecurities,annualBeginningCashPosition,annualOtherIncomeExpense,annualTotalNonCurrentAssets,annualSellingGeneralAndAdministration,annualGrossPPE,annualNetIncomeContinuousOperations,annualPurchaseOfBusiness,annualCapitalExpenditure,annualInvestingCashFlow,annualOperatingExpense,annualNonCurrentDeferredTaxesLiabilities,annualBasicEPS,annualCashFlowFromContinuingFinancingActivities,annualChangeInInventory,annualChangesInAccountReceivables,annualInterestExpense,annualCapitalStock,annualTotalRevenue,annualPurchaseOfInvestment,annualDeferredIncomeTax,annualNetOtherFinancingCharges,annualGrossProfit,annualResearchAndDevelopment,annualStockBasedCompensation,annualGoodwill,annualAccumulatedDepreciation,annualInventory,annualChangeInWorkingCapital,annualOperatingIncome,annualGainsLossesNotAffectingRetainedEarnings,annualNetOtherInvestingChanges,annualRetainedEarnings,annualTotalAssets,annualDilutedEPS,annualTotalLiabilitiesNetMinorityInterest,annualPretaxIncome,annualCurrentDeferredRevenue,annualBasicAverageShares,annualCurrentDebt,annualEndCashPosition,annualOtherCurrentAssets,annualNonCurrentDeferredRevenue,annualNetIncome,annualLongTermDebt,annualCostOfRevenue,annualFreeCashFlow,annualAccountsPayable,annualIncomeTaxPayable,annualInvestmentsAndAdvances,annualStockholdersEquity,annualOtherNonCashItems,annualCurrentAccruedExpenses,annualCashAndCashEquivalents,annualDepreciationAndAmortization,annualTaxProvision,annualCurrentAssets,annualDilutedAverageShares,annualAccountsReceivable,annualNetPPE,annualNetIncomeCommonStockholders,annualCurrentLiabilities,annualOtherNonCurrentAssets,annualCommonStockIssuance,annualOperatingCashFlow,annualTotalNonCurrentLiabilitiesNetMinorityInterest,annualSaleOfInvestment,annualOtherShortTermInvestments,annualOtherIntangibleAssets,annualCashDividendsPaid,annualRepurchaseOfCapitalStock,annualChangeInAccountPayable
1998-12-31,-12100000,,0.0,600000,3400000,9400000,6000000,600000,18700000,3500000,6500000,-12300000,,-6400000,-8200000,14800000,,-0.55,19700000,-100000.0,,,,1200000,-1100000.0,,-100000,1900000,10500000,,,-300000,100000.0,800000,-12900000,,-700000,-15100000,31500000,-0.55,2100000,,,22363636,,0,2600000,,-12300000,100000.0,700000.0,-14500000,1400000.0,,,29400000,-100000.0,,9400000,800000,,12800000,22363636,,6200000,-12300000,2000000,800000,19700000.0,-8100000,100000,,,11700000.0,,,
1999-12-31,-20941000,,0.0,1966000,14000000,62986000,9413000,-1673000,37127000,6805000,29465000,-28072000,,-22944000,-68750000,40569000,,-0.94,95690000,-5000.0,,732000.0,35000.0,6976000,-37597000.0,,0,13070000,27206000,,,-4372000,676000.0,1601000,-27499000,-5101000.0,-6709000,-43149000,103549000,-0.94,5172000,,,29944000,26000.0,23413000,294000,,-28072000,85000.0,6094000.0,-35884000,3095000.0,,,98377000,,,23413000,6558000,,66422000,29944000,,25093000,-28072000,5087000,572000,70099000.0,-12940000,85000,,39573000.0,11462000.0,,,
2000-12-31,-25668000,,0.0,2109000,-6883000,40201000,23413000,-7335000,32392000,8814000,28790000,-37364000,,-3760000,-1554000,51941000,,-1.04,7567000,240000.0,,7000.0,37000.0,12326000,-13696000.0,,0,18940000,35794000,,,-8075000,436000.0,709000,-33001000,-3470000.0,0,-80513000,76933000,-1.04,6939000,,,35859000,27000.0,16530000,970000,,-37364000,56000.0,6614000.0,-16656000,4747000.0,,,69994000,,,16530000,7333000,,44541000,35859000,,20715000,-37364000,6883000,1815000,6791000.0,-12896000,56000,15902000.0,23671000.0,9862000.0,,,
2001-12-31,-33298000,,0.0,229000,-4002000,131097000,16530000,-18980000,35028000,6718000,46808000,-57428000,,-17812000,-133914000,52001000,,-1.65,152990000,,,17000.0,52000.0,11699000,-94898000.0,,13163000,11699000,45283000,,,-14248000,,-2702000,-40302000,2385000.0,-21204000,-148119000,171811000,-1.65,12263000,,,41083000,1591000.0,12528000,2590000,,-67606000,3961000.0,,-40877000,4284000.0,,,159548000,,2198000.0,12528000,7004000,,136783000,41083000,3096000.0,32560000,-67606000,8302000,2468000,134563000.0,-23065000,3961000,,118569000.0,,,,
2002-12-31,-59120000,,,2917000,21110000,73978000,12528000,-20770000,29544000,17541000,49610000,-77372000,,-4861000,70910000,81543000,,-1.45,3849000,,,542000.0,54000.0,13919000,,,1750000,13919000,54455000,,,-21404000,,-1966000,-67624000,5031000.0,0,-225580000,110616000,-1.45,12073000,,,53279000,,33638000,7094000,,-77461000,,,-58456000,3930000.0,,,98543000,276000.0,,33638000,8504000,,81072000,53279000,,28206000,-77461000,6847000,1338000,1885000.0,-53595000,5226000,78623000.0,40340000.0,,,,
2003-12-31,-66361000,,672000.0,2717000,87768000,206357000,33638000,-18693000,31071000,14396000,55585000,-76375000,,-5975000,-50951000,87903000,,-1.22,213468000,,,3131000.0,64000.0,12100000,-125076000.0,,485000,12100000,54814000,,,-30431000,,-6308000,-75803000,5057000.0,0,-301378000,256340000,-1.22,138487000,,,62125000,,121406000,18912000,,-75798000,125000000.0,,-80773000,10098000.0,,,117853000,305000.0,,121406000,9442000,,225269000,62125000,,25154000,-75798000,12815000,5917000,94587000.0,-74798000,125672000,80072000.0,84951000.0,,,,
2004-12-31,-134633000,,2852000.0,1903000,-108325000,48815000,121406000,-102676000,147689000,37606000,80442000,-187443000,,-24075000,-15290000,162600000,,-2.91,-27894000,,,10544000.0,65000.0,18641000,-37435000.0,,0,14688000,49784000,,,-37941000,2316000.0,4263000,-147912000,-363000.0,-25298000,-488821000,232966000,-2.91,300944000,,,64354000,42805000.0,13081000,4801000,,-187443000,228038000.0,3953000.0,-89216000,946000.0,,,-67978000,,24400000.0,13081000,13279000,,85277000,64354000,4047000.0,42501000,-187443000,70054000,43684000,1813000.0,-65141000,230890000,86306000.0,35734000.0,61504000.0,,,
2005-12-31,-54138000,,19476000.0,2173000,25011000,47792000,13081000,11838000,126362000,41556000,80830000,-74270000,,-2957000,57603000,87253000,,-1.08,30087000,-8582000.0,,11918000.0,75000.0,25669000,,,0,23040000,56391000,,,-43509000,10898000.0,7503000,-64213000,-16000.0,34180000,-563091000,195303000,-1.08,272765000,,8096000.0,68830000,11337000.0,38092000,4391000,,-74270000,212922000.0,2629000.0,-65637000,484000.0,,,-77462000,2000.0,18277000.0,38092000,10075000,,68941000,68830000,5860000.0,37321000,-74270000,40367000,52483000,7782000.0,-62680000,232398000,26380000.0,9700000.0,36558000.0,,,
2006-12-31,-12715000,,75649000.0,3630000,51070000,288847000,38092000,19274000,129212000,49030000,82519000,-28533000,,-24583000,-194768000,100142000,,-0.34,295937000,-14177000.0,,16726000.0,92000.0,84209000,-219891000.0,,9349000,75469000,66735000,,21262000.0,-27053000,25075000.0,-29522000,-24673000,-25000.0,19800000,-591624000,463436000,-0.34,345634000,,7092000.0,84582000,6787000.0,89162000,5632000,,-28533000,223940000.0,8740000.0,-74673000,2285000.0,,,117802000,15281000.0,26251000.0,89162000,11958000,,334224000,84582000,14670000.0,55466000,-28533000,46045000,40829000,140518000.0,-50090000,299589000,29906000.0,199685000.0,11655000.0,,,
2007-12-31,-52917000,,68635000.0,1778000,139181000,585594000,89162000,30525000,170982000,77539000,111629000,-15803000,,-22413000,-150996000,160510000,,-0.16,324570000,-7371000.0,,14243000.0,97000.0,121581000,-838864000.0,,0,103222000,78600000,,21262000.0,-34811000,32445000.0,-13208000,-57288000,139000.0,16467000,-607427000,815279000,-0.16,627553000,-15074000.0,5327000.0,95878000,6309000.0,228343000,9282000,,-15803000,497375000.0,18359000.0,-56908000,1169000.0,,,187726000,23942000.0,46960000.0,228343000,1090000,729000.0,644297000,95878000,16976000.0,76818000,-15803000,61543000,63306000,15220000.0,-34495000,566010000,693814000.0,357251000.0,9596000.0,,,
2008-12-31,54189000,-6594000.0,499939000.0,182000,-5443000,559792000,228343000,-6326000,168999000,106566000,171058000,30831000,,-56368000,-19077000,204228000,,0.31,22809000,-13938000.0,-37322000.0,16394000.0,100000.0,296493000,-740570000.0,,960000,243984000,93291000,28336000.0,21262000.0,-46079000,73162000.0,-88987000,39756000,1106000.0,0,-576596000,906695000,0.29,630020000,33424000.0,307000.0,98975000,,222900000,50444000,,30831000,497083000.0,52509000.0,-65543000,,,2548000.0,276675000,-15000.0,,222900000,17631000,2593000.0,737696000,103572000,54298000.0,124979000,30831000,130081000,12584000,0.0,-9175000,499939000,777861000.0,336892000.0,7626000.0,,,
2009-12-31,17570000,-73785000.0,19741000.0,0,-55729000,300677000,222900000,-6857000,449436000,124290000,261045000,-488000,-8370000.0,-89801000,-79675000,242320000,,0.0,-63786000,-5500000.0,-19242000.0,14090000.0,101000.0,324656000,-439299000.0,,-1000000,258747000,115116000,36005000.0,23722000.0,-61904000,78662000.0,19874000,16427000,933000.0,-17517000,-577084000,917163000,0.0,594978000,566000.0,86000.0,100271000,0.0,167171000,14848000,,-488000,497083000.0,65909000.0,-2069000,,,170290000.0,322185000,2045000.0,,167171000,20975000,1054000.0,467727000,100271000,73540000.0,199141000,-488000,78154000,15306000,,87732000,516824000,475312000.0,133506000.0,40977000.0,,,
2010-12-31,-11161000,-30140000.0,84001000.0,3056000,-79092000,274112000,167171000,-22223000,758363000,151723000,306941000,205819000,-32950000.0,-49461000,-101342000,299032000,36517000.0,2.0,3504000,-31036000.0,-13036000.0,10329000.0,111000.0,376267000,-225292000.0,-230577000.0,0,305982000,147309000,38362000.0,53364000.0,-85075000,109698000.0,-42093000,6950000,188000.0,0,-371265000,1262623000,1.73,545366000,-21490000.0,212000.0,103093000,,88079000,33874000,957000.0,205819000,377521000.0,70285000.0,-30715000,4956000.0,,129253000.0,717257000,42274000.0,41805000.0,88079000,27737000,-227309000.0,504260000,125674000,86576000.0,221866000,205819000,83844000,14215000,,18746000,461522000,206361000.0,186033000.0,103648000.0,,,
2011-12-31,-35278000,-5007000.0,88179000.0,194000,-41807000,195092000,88079000,-5750000,833879000,175423000,384716000,-53836000,0.0,-154219000,-89560000,389797000,35127000.0,-0.48,29000000,-20420000.0,-18456000.0,8349000.0,115000.0,441358000,-217332000.0,4363000.0,415000,357335000,214374000,43909000.0,51543000.0,-115745000,130118000.0,-25099000,-32462000,4887000.0,0,-425101000,1303681000,-0.48,530633000,-43627000.0,,112122000,,46272000,39753000,950000.0,-53836000,348329000.0,84023000.0,-135466000,12239000.0,,94944000.0,773048000,47530000.0,60195000.0,46272000,36094000,10209000.0,469802000,112122000,104839000.0,268971000,-53836000,94125000,15495000,,18753000,436508000,281991000.0,148820000.0,180277000.0,,,
2012-12-31,-91922000,-678000.0,26674000.0,0,134255000,450738000,46272000,-3008000,858181000,198173000,433595000,-114347000,-1743000.0,-44571000,-195645000,519108000,33296000.0,-0.95,312291000,1423000.0,-4227000.0,7639000.0,126000.0,500723000,-387168000.0,-9921000.0,-3932000,408893000,302218000,47340000.0,51543000.0,-149122000,128695000.0,33059000,-110215000,-202000.0,0,-539448000,1601643000,-0.95,585880000,-118278000.0,,120271000,23365000.0,180527000,25509000,,-114347000,324859000.0,91830000.0,-26962000,147068000.0,,117073000.0,1015763000,10788000.0,7485000.0,180527000,45295000,-3931000.0,743462000,120271000,109066000.0,284473000,-114347000,170433000,16611000,235499000.0,17609000,415447000,237837000.0,270211000.0,162980000.0,,,
2013-12-31,-118792000,-13572000.0,38549000.0,0,388254000,784723000,180527000,-167000,1111799000,235356000,504359000,-176353000,-10760000.0,-65124000,-298783000,608750000,,-1.28,746671000,-33910000.0,-8756000.0,10447000.0,144000.0,548485000,-395042000.0,-9156000.0,-32141000,452743000,354780000,66181000.0,54258000.0,-185043000,162605000.0,-23084000,-156007000,5018000.0,-116500000,-715801000,2249217000,-1.28,908176000,-176503000.0,,137755000,0.0,568781000,41707000,,-176353000,655566000.0,95742000.0,-124758000,95302000.0,,281516000.0,1341041000,29037000.0,4875000.0,568781000,47264000,-150000.0,1137418000,137755000,117822000.0,319316000,-176353000,183271000,120601000,0.0,-59634000,724905000,288643000.0,215942000.0,163147000.0,,,
2014-12-31,-70258000,-674000.0,30077000.0,0,306705000,945192000,568781000,66902000,1064824000,302156000,752405000,-133969000,-1100000.0,-118834000,194555000,781667000,,-0.92,185689000,-36847000.0,-26650000.0,36642000.0,149000.0,751040000,-559324000.0,-25483000.0,-11005000,621276000,461543000,88233000.0,54258000.0,-228889000,199452000.0,-30340000,-160391000,27466000.0,-2000000,-849770000,2490453000,-0.92,962559000,-124868000.0,,146349000,,875486000,105310000,,-133969000,657976000.0,129764000.0,-192373000,235739000.0,,98895000.0,1527894000,33011000.0,8244000.0,875486000,56744000,9101000.0,1425629000,146349000,144472000.0,523516000,-133969000,235739000,65281000,117464000.0,-73539000,726820000,808313000.0,69706000.0,156578000.0,,,
2015-12-31,-98790000,-163000.0,44588000.0,0,-478446000,592619000,875486000,160682000,2639729000,402271000,982810000,-171799000,-910148000.0,-227653000,-1179598000,1019387000,143527000.0,-1.07,927913000,-50989000.0,-16367000.0,38244000.0,162000.0,889895000,-876510000.0,-76827000.0,-23226000,737887000,634806000,111525000.0,197039000.0,-278603000,271683000.0,46332000,-281500000,21033000.0,-371756000,-1021569000,3729368000,-1.07,1328521000,-154724000.0,,160025000,,397040000,60378000,,-171799000,662286000.0,152008000.0,-449342000,392511000.0,59572000.0,425652000.0,2400847000,2499000.0,147268000.0,397040000,47187000,17075000.0,1089639000,160025000,164959000.0,704207000,-171799000,445457000,408644000,888257000.0,-221689000,883064000,424713000.0,195579000.0,683996000.0,,,
2016-12-31,-764598000,,42034000.0,0,11290000,789677000,397040000,-594727000,2601899000,476593000,1141362000,-630210000,-2789000.0,-148380000,-484047000,1111545000,0.0,-3.8,727108000,-64512000.0,-51483000.0,39499000.0,173000.0,1116854000,-699749000.0,-228054000.0,-60057000,907234000,661905000,134641000.0,197039000.0,-342594000,355126000.0,-160276000,-204311000,12816000.0,-698000,-1520506000,4023690000,-3.81,1257415000,-831050000.0,,165985000,22478000.0,408330000,61708000,,-630210000,660761000.0,209620000.0,-376217000,370505000.0,0.0,572711000.0,2766275000,-26895000.0,49888000.0,408330000,96912000,-200840000.0,1421791000,166219000,215280000.0,798768000,-630210000,439310000,32815000,712938000.0,-227837000,818105000,367569000.0,381347000.0,553780000.0,,,
2017-12-31,53303000,,59105000.0,14464000,189698000,1395968000,408330000,131679000,2425981000,554336000,1303434000,-117042000,0.0,-199219000,-305459000,1211560000,,-0.67,507145000,-96890000.0,-25256000.0,42707000.0,176000.0,1313646000,-655447000.0,44464000.0,-35427000,1071860000,610753000,140263000.0,197039000.0,-406734000,475775000.0,-93963000,-139700000,-22961000.0,-1753000,-1637548000,4633125000,-0.67,1824462000,-35875000.0,,174427000,360949000.0,598028000,74036000,,-117042000,813521000.0,241786000.0,-207976000,401921000.0,5528000.0,385785000.0,2808663000,48577000.0,55292000.0,598028000,87861000,81167000.0,2207144000,174427000,261365000.0,896700000,-117042000,816518000,29852000,0.0,-8757000,1007944000,425960000.0,797940000.0,517510000.0,,,
2018-12-31,-50250000,-374953000.0,58647000.0,4178000,-104046000,1084308000,598028000,51652000,2370913000,604353000,1421317000,-77211000,0.0,-144620000,264351000,1349472000,,-0.44,-388007000,-23747000.0,-54274000.0,43664000.0,178000.0,1491212000,-634753000.0,-68378000.0,-80542000,1175948000,696328000,148819000.0,197039000.0,-472635000,530871000.0,-49420000,-173524000,5271000.0,-10000,-1694134000,4427128000,-0.44,1459188000,-142705000.0,,177061000,,493982000,98403000,,-77211000,830417000.0,315264000.0,-124412000,437290000.0,,235864000.0,2967940000,38135000.0,,493982000,95671000,-65494000.0,2056215000,177268000,342633000.0,948682000,-77211000,523241000,36568000,0.0,20208000,935947000,993734000.0,590326000.0,491808000.0,,,
