date,annualGrossPPE,annualChangeInCashSupplementalAsReported,annualOtherCurrentLiabilities,annualNetIncomeCommonStockholders,annualRepaymentOfDebt,annualEbitda,annualInterestExpense,annualBeginningCashPosition,annualOtherNonCurrentLiabilities,annualDilutedEPS,annualOtherIncomeExpense,annualTotalNonCurrentAssets,annualCapitalExpenditure,annualCapitalStock,annualBasicAverageShares,annualSellingGeneralAndAdministration,annualCashFlowFromContinuingFinancingActivities,annualNetIncomeContinuousOperations,annualPurchaseOfBusiness,annualOtherNonCashItems,annualCurrentDebt,annualBasicEPS,annualStockBasedCompensation,annualNetOtherFinancingCharges,annualGrossProfit,annualAccumulatedDepreciation,annualCostOfRevenue,annualOperatingExpense,annualChangesInAccountReceivables,annualTotalLiabilitiesNetMinorityInterest,annualRetainedEarnings,annualNetOtherInvestingChanges,annualChangeInWorkingCapital,annualCashDividendsPaid,annualNetIncome,annualGoodwill,annualFreeCashFlow,annualCommonStockIssuance,annualOtherShortTermInvestments,annualPretaxIncome,annualInvestingCashFlow,annualOperatingIncome,annualOtherCurrentAssets,annualTotalRevenue,annualAccountsReceivable,annualAccountsPayable,annualEndCashPosition,annualStockholdersEquity,annualLongTermDebt,annualTaxProvision,annualTotalAssets,annualCurrentAccruedExpenses,annualCurrentLiabilities,annualDepreciationAndAmortization,annualCashAndCashEquivalents,annualInvestmentsAndAdvances,annualDilutedAverageShares,annualChangeInAccountPayable,annualTotalNonCurrentLiabilitiesNetMinorityInterest,annualOtherIntangibleAssets,annualCurrentAssets,annualOtherNonCurrentAssets,annualOperatingCashFlow,annualGainsLossesNotAffectingRetainedEarnings,annualNetPPE,annualRepurchaseOfCapitalStock,annualCashCashEquivalentsAndMarketableSecurities,annualResearchAndDevelopment,annualCurrentDeferredRevenue,annualSaleOfInvestment,annualNonCurrentDeferredTaxesLiabilities,annualInventory,annualPurchaseOfInvestment,annualChangeInInventory,annualNonCurrentDeferredRevenue,annualIncomeTaxPayable,annualDeferredIncomeTax
2002-12-31,,,,39446000,,141939000,,,,0.20848,-79956000.0,,,,189208003,37614000.0,,39446000,,,,0.20848,,,,,,176184000.0,,9935071000,,,,,39446000,,,,,48565000.0,,141939000,,318123000,,,,,,9119000.0,10348829000,,,,,,189208003,,,,,,,,,,,,,,,,,,,,
2003-12-31,,,,941077000,,870333000,,,,4.97377,96527000.0,,,,189208003,67796000.0,,941077000,,,,4.97377,,,,,,224090000.0,,13856783000,,,,,941077000,,,,,953026000.0,,870333000,,1094423000,,,,,,11949000.0,14937386000,,,,,,189208003,,,,,,,,,,,,,,,,,,,,
2004-12-31,,,,1523314000,,503463000,,,,8.28,,,,,183868331,,,1523314000,,,,8.28,,,,,,,,19317508000,,,,,1523314000,,,,,,,503463000,,503463000,,,,,,,21253939000,,,,,,183868331,,,,,,,,,,,,,,,,,,,,
2005-12-31,,-39277000.0,,1330663000,-2936728000.0,5794663000,23830000.0,125691000.0,,7.24,,,-7353000.0,1818749000.0,183868331,182605000.0,-2738350000.0,1330663000,,-1221539000.0,,7.24,,-2424853000.0,,,,-155385000.0,62873000.0,2082771000,,,-8278000.0,,1330663000,,2701905000.0,,20287019000.0,1342923000.0,-7353000.0,5794663000,,5639278000,,,86414000.0,1824945000.0,837627000.0,12260000.0,21121124000,,,,0.0,,183868331,-67012000.0,,,,,2709258000.0,,,,20287019000.0,,,,,,,,,,
2006-12-31,,43029000.0,,2266206000,-7499857000.0,604121000,,86414000.0,,12.325157,1730951000.0,,-24190000.0,,183868331,86534000.0,4463315000.0,2266206000,,-15969122000.0,,12.325157,,5880343000.0,,,,516158000.0,-1374260000.0,2373271000,,0.0,-1556032000.0,-1551957000.0,2266206000,,-4420804000.0,,31544490000.0,2298140000.0,-24190000.0,604121000,,1120279000,656165000.0,,129443000.0,,-263954000.0,31934000.0,33891044000,66301000.0,,,129443000.0,31544490000.0,183868331,219580000.0,,,,,-4396614000.0,,,,31673933000.0,,,,,,,,,,
2007-12-31,64370000.0,739186000.0,,1623237000,-5497113000.0,434991000,,129443000.0,,4.494498,1363911000.0,,-32307000.0,,189208003,324200000.0,1644442000.0,1623237000,,30740820000.0,1196858000.0,4.494498,,-5519633000.0,,,,2732764000.0,-1339956000.0,2868199000,,-23292000.0,323902000.0,-78794000.0,1623237000,1597474000.0,-882603000.0,7501240000.0,163696000.0,1649215000.0,-55599000.0,317384000,,3050148000,213086000.0,,868629000.0,,130389000.0,25978000.0,13174200000,188997000.0,,117607000.0,868629000.0,7181854000.0,189208003,1151374000.0,,604681000.0,,,-850296000.0,,64370000.0,-16045000.0,1032325000.0,,,,,,,,,,
2008-12-31,,-364892000.0,0.0,-1163032000,-980162000.0,-1027776000,23008000.0,868629000.0,894000.0,-4.36,-872336000.0,3791985000.0,-50113000.0,,265547930,4363594000.0,-1873647000.0,-1163032000,-336571000.0,-2617977000.0,,-4.36,3302617000.0,410660000.0,229037000.0,,0.0,4363594000.0,45281000.0,3363789000,,5004000.0,1426803000.0,-2444518000.0,-1163032000,1703602000.0,1840322000.0,0.0,2830942000.0,-1204021000.0,-381680000.0,-4134557000,1916000.0,229037000,360573000.0,,503737000.0,-3509448000.0,1490423000.0,-40989000.0,9257911000,413459000.0,1872472000.0,153237000.0,1411061000.0,,265547930,,1491317000.0,1077526000.0,5465926000.0,165434000.0,1890435000.0,-291000.0,,-31863000.0,4242003000.0,,,,,,,,,,
2009-12-31,,448359000.0,0.0,-715291000,-323993000.0,-2120034000,13384000.0,503737000.0,526311000.0,-2.46,176694000.0,4499054000.0,-23627000.0,,290768699,4228475000.0,55676000.0,-2390696000,0.0,-518317000.0,657623000.0,-2.46,3048108000.0,195525000.0,1773699000.0,,0.0,4228475000.0,35050000.0,3391802000,,4801000.0,-36855000.0,-353160000.0,-715291000,1703602000.0,387882000.0,,3565483000.0,-2291466000.0,-18826000.0,-2454776000,0.0,1773699000,306307000.0,,952096000.0,-2077910000.0,657623000.0,99230000.0,9409024000,488945000.0,2207868000.0,158048000.0,1038180000.0,,290768699,,1183934000.0,919477000.0,4909970000.0,932463000.0,411509000.0,2420000.0,,-56685000.0,4603663000.0,,,,,,,,,,
2010-12-31,261622000.0,-363475000.0,0.0,-370028000,-246292000.0,-319374000,41229000.0,952096000.0,116688000.0,-1.02,501994000.0,4018400000.0,-54160000.0,,364021369,4102761000.0,84624000.0,-607323000,-21886000.0,-698467000.0,,-1.02,2440148000.0,148134000.0,3119342000.0,-116741000.0,0.0,4102761000.0,-108162000.0,10591248000,470583000.0,-143000.0,-869912000.0,-599390000.0,-370028000,1703602000.0,-426045000.0,,11974472000.0,-522654000.0,-76189000.0,-983419000,181425000.0,3119342000,495893000.0,691807000.0,588621000.0,0.0,7198898000.0,84669000.0,18844605000,821568000.0,3275662000.0,162051000.0,588621000.0,,364021369,,7315586000.0,779311000.0,14826205000.0,67435000.0,-371885000.0,4302000.0,144881000.0,-25727000.0,12563093000.0,,,,,,,,,,
2011-12-31,286170000.0,166123000.0,0.0,-168303000,-1064605000.0,342673000,57824000.0,588621000.0,245674000.0,-0.353888,212751000.0,3895185000.0,-36484000.0,,475582718,3330245000.0,-873515000.0,-268453000,-23744000.0,-175068000.0,,-0.35,1396062000.0,575665000.0,3252576000.0,-136480000.0,0.0,3330245000.0,116714000.0,12656843000,386864000.0,330000.0,596017000.0,-702832000.0,-168303000,1703602000.0,1063129000.0,,15128299000.0,77258000.0,-59898000.0,-77669000,139485000.0,3252576000,406140000.0,828873000.0,754744000.0,0.0,8867568000.0,345711000.0,21909129000,903260000.0,3543601000.0,207591000.0,754744000.0,,475582718,,9113242000.0,595488000.0,18013944000.0,106005000.0,1099613000.0,1958000.0,149690000.0,-37177000.0,15883043000.0,,,,,,,,,,
2012-12-31,300105000.0,-45242000.0,0.0,218598000,-932148000.0,1226949000,490902000.0,754744000.0,368691000.0,0.41,256145000.0,3964120000.0,-37020000.0,5464677000.0,533703606,582567000.0,-405411000.0,829882000,-188306000.0,1116520000.0,,0.41,949633000.0,773651000.0,4019441000.0,-157715000.0,0.0,2769779000.0,-60520000.0,19272790000,509028000.0,2345000.0,-235314000.0,-876112000.0,218598000,1703602000.0,546135000.0,,20847270000.0,1014905000.0,-222981000.0,831630000,248018000.0,3784684000,638164000.0,1038888000.0,709502000.0,5466847000.0,13051404000.0,185023000.0,28931552000,1254978000.0,4296510000.0,139174000.0,709502000.0,21095288000.0,538669070,,13420095000.0,598535000.0,24967432000.0,152484000.0,583155000.0,2170000.0,142390000.0,-22364000.0,21556772000.0,,,,,,,,,,
2013-12-31,325700000.0,122496000.0,0.0,1171202000,-2107451000.0,3352205000,1331891000.0,709502000.0,1264633000.0,1.98,402133000.0,3841819000.0,-25637000.0,6303300000.0,587018828,501100000.0,-3259614000.0,2892919000,-146117000.0,1330817000.0,,2.0,855087000.0,1120183000.0,6613168000.0,-188612000.0,0.0,2514380000.0,-46580000.0,17251377000,300708000.0,5850000.0,2602434000.0,-2313490000.0,1171202000,1787392000.0,3522304000.0,,21729523000.0,3148561000.0,-165904000.0,2854401000,148984000.0,5662941000,888356000.0,872086000.0,831998000.0,6306766000.0,10466504000.0,255642000.0,29678606000,2132939000.0,3569798000.0,95671000.0,831998000.0,21888850000.0,590546640,,11731137000.0,560748000.0,25836787000.0,75815000.0,3547941000.0,3466000.0,137088000.0,-24140000.0,22561521000.0,,,,,,,,,,
2014-12-31,318672000.0,580474000.0,115785000.0,1584589000,-1817284000.0,4210165000,1316204000.0,831998000.0,2441854000.0,2.58,357854000.0,3837012000.0,-30271000.0,7081131000.0,608803111,579961000.0,-1049907000.0,3695553000,0.0,824337000.0,,2.6,734733000.0,1499090000.0,7484728000.0,-182932000.0,0.0,2539652000.0,229331000.0,16619201000,81301000.0,5846000.0,750063000.0,-3331001000.0,1584589000,1787392000.0,1624718000.0,,22765589000.0,3986726000.0,-24425000.0,3750396000,0.0,6526378000,559321000.0,1194579000.0,1412472000.0,7060267000.0,8937638000.0,291173000.0,31510894000,2439257000.0,5239709000.0,101915000.0,1412472000.0,22862613000.0,613176405,,8937638000.0,458833000.0,27673882000.0,96501000.0,1654989000.0,-20864000.0,135740000.0,-36252000.0,24178061000.0,,,,,,,,,,
2015-12-31,317496000.0,424852000.0,217596000.0,709789000,-517629000.0,2060707000,625627000.0,1412472000.0,183459000.0,1.04,259071000.0,3718684000.0,-59247000.0,6322307000.0,634337179,655602000.0,-1919402000.0,1624350000,0.0,2730805000.0,,1.12,629642000.0,410100000.0,,-181953000.0,,2382541000.0,-213706000.0,10479082000,,5843000.0,1409708000.0,-4174456000.0,709789000,1718519000.0,2337796000.0,,14324097000.0,1814748000.0,-53404000.0,1700199000,204893000.0,4197289000,613153000.0,648662000.0,1837324000.0,6269788000.0,6116747000.0,190398000.0,22526080000,2029918000.0,4178876000.0,101437000.0,1837324000.0,14533609000.0,1188085411,,6116747000.0,345547000.0,18807396000.0,46786000.0,2397043000.0,-52519000.0,135543000.0,-61031000.0,16161421000.0,,,,,,,,,,
2016-12-31,338292000.0,-71000.0,290722000.0,1039235000,-420714000.0,2617607000,921446000.0,1837324000.0,185390000.0,1.56,184750000.0,3532380000.0,-21826000.0,6523929000.0,649475264,572490000.0,570170000.0,2249648000,,902825000.0,,1.6,323651000.0,250020000.0,,-211508000.0,,2007128000.0,87074000.0,14073794000,,-7150000.0,-1511582000.0,-2552594000.0,1039235000,1718519000.0,-563112000.0,,17694975000.0,2382010000.0,-28976000.0,2349914000,118495000.0,4389138000,772695000.0,1081782000.0,1837253000.0,6461042000.0,8866366000.0,132362000.0,26403337000,2327762000.0,5022038000.0,82943000.0,1837253000.0,17816863000.0,1195114590,,8866366000.0,262604000.0,22870957000.0,37723000.0,-541286000.0,-62887000.0,126784000.0,-27623000.0,19532228000.0,,,,,,,,,,
2017-12-31,345875000.0,155244000.0,273220000.0,1470830000,-1766129000.0,4361363000,1529419000.0,1837253000.0,210944000.0,2.21,725452000.0,3156687000.0,-24347000.0,6670365000.0,665453198,599103000.0,2771339000.0,3373954000,-168913000.0,2299051000.0,,2.21,338687000.0,624076000.0,,-219309000.0,,1794130000.0,282026000.0,20910299000,,5052000.0,-3533401000.0,-3656569000.0,1470830000,1778192000.0,-2473087000.0,,24434049000.0,4117101000.0,-188208000.0,3589135000,0.0,5911231000,887162000.0,2043522000.0,1992497000.0,6636347000.0,14815436000.0,743147000.0,34428910000,2630019000.0,5883919000.0,46776000.0,1992497000.0,24438492000.0,666246846,,14815436000.0,409828000.0,31272223000.0,32965000.0,-2448740000.0,-34018000.0,126566000.0,-30192000.0,26426546000.0,,,,,,,,,,
2018-12-31,360571000.0,-1391328000.0,,1541788000,-1009354000.0,3735952000,163990000.0,3936489000.0,364819000.0,2.26,191722000.0,23593478000.0,-18377000.0,6415700000.0,678850245,673359000.0,-1330186000.0,3263551000,-98219000.0,904531000.0,,2.27,366928000.0,836922000.0,3986621000.0,-240199000.0,2674691000.0,3348050000.0,43037000.0,15312343000,,,-1804462000.0,-3808992000.0,1541788000,1869860000.0,27365000.0,,,3512941000.0,-116596000.0,3313262000,,6860991000,636238000.0,875979000.0,2545161000.0,6379224000.0,9951862000.0,249390000.0,28924650000,,1911755000.0,59021000.0,2207841000.0,20421949000.0,1206962846,-357582000.0,13400588000.0,468507000.0,5331172000.0,18226000.0,45742000.0,-36476000.0,120372000.0,-567161000.0,2207841000.0,,,,,,,,,,
