date,annualStockholdersEquity,annualPurchaseOfBusiness,annualOtherNonCashItems,annualDepreciationAndAmortization,annualInvestingCashFlow,annualNonCurrentDeferredTaxesLiabilities,annualCashFlowFromContinuingFinancingActivities,annualChangeInInventory,annualInventory,annualAccountsReceivable,annualPurchaseOfInvestment,annualCapitalStock,annualOperatingCashFlow,annualCurrentLiabilities,annualGrossProfit,annualStockBasedCompensation,annualEbitda,annualOtherNonCurrentLiabilities,annualRepaymentOfDebt,annualGainsLossesNotAffectingRetainedEarnings,annualNetPPE,annualOtherIncomeExpense,annualNetOtherInvestingChanges,annualOtherCurrentLiabilities,annualOperatingIncome,annualChangeInCashSupplementalAsReported,annualBasicEPS,annualCashCashEquivalentsAndMarketableSecurities,annualEndCashPosition,annualGrossPPE,annualAccountsPayable,annualIncomeTaxPayable,annualPretaxIncome,annualInvestmentsAndAdvances,annualRepurchaseOfCapitalStock,annualAccumulatedDepreciation,annualSellingGeneralAndAdministration,annualOperatingExpense,annualOtherNonCurrentAssets,annualNetIncomeContinuousOperations,annualCurrentAccruedExpenses,annualCashAndCashEquivalents,annualCapitalExpenditure,annualDilutedEPS,annualTaxProvision,annualChangesInAccountReceivables,annualInterestExpense,annualCurrentAssets,annualBasicAverageShares,annualTotalRevenue,annualDeferredIncomeTax,annualNetIncomeCommonStockholders,annualChangeInAccountPayable,annualTotalNonCurrentLiabilitiesNetMinorityInterest,annualOtherShortTermInvestments,annualCommonStockIssuance,annualNetOtherFinancingCharges,annualChangeInWorkingCapital,annualRetainedEarnings,annualTotalAssets,annualTotalLiabilitiesNetMinorityInterest,annualNetIncome,annualCurrentDebt,annualDilutedAverageShares,annualCashDividendsPaid,annualLongTermDebt,annualBeginningCashPosition,annualCostOfRevenue,annualCurrentDeferredRevenue,annualOtherCurrentAssets,annualTotalNonCurrentAssets,annualFreeCashFlow,annualGoodwill,annualResearchAndDevelopment,annualSaleOfInvestment,annualNonCurrentDeferredRevenue,annualOtherIntangibleAssets
1989-09-30,185000000,,,,0,61700000,,,8500000,,,,0,38500000,83300000,,55400000,4300000,,,263900000,46900000,,,14100000,,0.03474,600000,0,486700000,,,38000000,,,-222800000,21300000,69200000,300000,25600000,,600000,,0.03474,12400000,,23000000.0,25300000,245580000,149400000,,25600000,,66000000,,,,,137000000,289500000,104500000,25600000,,245580000,,,0,66100000,,0,264200000,0,,,,,
1990-09-30,114900000,,100000.0,23100000.0,-41100000,65500000,-1800000.0,4900000.0,3600000,,,,44300000,33600000,64500000,,38800000,8100000,,,276100000,12400000,0.0,27600000.0,15700000,1400000.0,0.015841,2000000,0,506400000,6000000.0,,22600000,,,-230300000,20600000,48800000,800000,14600000,,2000000,-45600000.0,0.015841,8000000,,5400000.0,25200000,245457272,128000000,500000.0,14600000,,153600000,,55700000.0,100000.0,200000.0,9900000,302100000,187200000,14600000,,245457272,-1600000.0,80000000.0,600000,63500000,,200000,276900000,-1300000,,,,,
1991-12-31,119200000,,300000.0,27200000.0,-52200000,71900000,9800000.0,-900000.0,4500000,,,,39600000,35900000,73200000,,40900000,2300000,,,301100000,1800000,-8100000.0,15700000.0,13700000,-2800000.0,0.000278,2200000,0,553400000,20200000.0,,6100000,,,-252300000,25400000,59500000,300000,1300000,,2200000,-46100000.0,0.000278,4800000,,9400000.0,32900000,245457272,140500000,2600000.0,1300000,,179200000,,,-400000.0,1200000.0,10400000,334300000,215100000,1300000,,245457272,-96700000.0,105000000.0,5000000,67300000,,500000,301400000,-6500000,,,,,
1992-12-31,118300000,,-200000.0,31500000.0,-42500000,71600000,13500000.0,-1200000.0,5800000,,,,27900000,32800000,79400000,,49000000,6000000,,,306700000,600000,-6200000.0,11200000.0,17500000,-1100000.0,0.003057,1100000,0,589400000,19800000.0,,8200000,,,-282700000,23400000,61900000,300000,2200000,,1100000,-37000000.0,0.003057,6000000,,9800000.0,41700000,245457272,147600000,-1300000.0,2200000,,197600000,,,0.0,-12400000.0,9300000,348700000,230400000,2200000,1800000.0,245457272,-3300000.0,120000000.0,2200000,68200000,,300000,307000000,-9100000,,,,,
1993-12-31,153500000,,-100000.0,34500000.0,-98900000,78700000,45300000.0,100000.0,5700000,,,,55500000,37300000,83100000,,53200000,6500000,,,400300000,1300000,-4500000.0,10300000.0,18700000,1800000.0,0.002779,2900000,0,698600000,26500000.0,,9700000,,,-298300000,20400000,64400000,100000,3500000,,2900000,-94400000.0,0.002779,6200000,,10300000.0,44600000,246872560,164300000,7100000.0,2100000,,254200000,,1700000.0,100000.0,5300000.0,8100000,445000000,291500000,3500000,500000.0,246872560,-4200000.0,169000000.0,1100000,81200000,,700000,400400000,-38900000,,,,,
1994-12-31,243100000,,100000.0,54600000.0,-158800000,117800000,92400000.0,-2700000.0,8400000,,,200000.0,67300000,53700000,99000000,,69600000,5400000,,,634900000,100000,-86100000.0,13700000.0,15000000,900000.0,-0.020833,3800000,0,982700000,40000000.0,,-1600000,,,-347800000,17300000,84000000,1500000,-1000000,,3800000,-72700000.0,-0.020833,-600000,,16700000.0,52000000,264216000,237100000,-800000.0,-5400000,,391600000,,700000.0,0.0,8000000.0,-800000,688400000,445300000,-1000000,,264216000,-7100000.0,268400000.0,2900000,138100000,,1600000,636400000,-5400000,,,,,
1995-12-31,147800000,,,47200000.0,-14000000,62800000,-28200000.0,2800000.0,5600000,,,200000.0,41500000,60900000,84700000,,56700000,7700000,,,474400000,-126200000,10700000.0,12700000.0,9500000,-700000.0,-0.3375,3000000,0,980000000,48200000.0,,-141600000,,,-505600000,16800000,75200000,1500000,-86600000,,3000000,-24700000.0,-0.3375,-55000000,,24900000.0,52300000,273300000,213900000,-55100000.0,-92200000,,319500000,,300000.0,100000.0,5300000.0,-96700000,528200000,380400000,-86600000,,273300000,-9200000.0,249000000.0,3800000,129200000,,1700000,475900000,16800000,,,,,
1996-12-31,160700000,,,42700000.0,-67600000,69400000,-9600000.0,-3200000.0,8800000,,,200000.0,75500000,72600000,119500000,,89900000,10600000,,,480500000,1700000,-6900000.0,16300000.0,47200000,-1700000.0,0.055833,1400000,0,999600000,56300000.0,,31400000,,,-519100000,16800000,72300000,1200000,20800000,,1400000,-60700000.0,0.055833,10600000,,17400000.0,79600000,273684000,163100000,12000000.0,15200000,,328000000,,600000.0,0.0,-13800000.0,-85000000,561300000,400600000,20800000,,273684000,-9200000.0,248000000.0,3000000,43600000,,1600000,481700000,14800000,,,,,
1997-12-31,184100000,,,40600000.0,-38400000,80100000,-56200000.0,1900000.0,6900000,,,100000.0,95000000,85900000,138900000,,104300000,8700000,,,469400000,100000,-13800000.0,17600000.0,63700000,400000.0,0.083333,1800000,0,906800000,52300000.0,,45900000,,-3700000.0,-437400000,19700000,75200000,1900000,28300000,,1800000,-73500000.0,0.080833,17600000,,18000000.0,70500000,279264000,185100000,10700000.0,23200000,,271800000,,2200000.0,-100000.0,-2700000.0,-65600000,541800000,357700000,28300000,16000000.0,287010309,-5600000.0,183000000.0,1400000,46200000,,2100000,471300000,21500000,,,,,
1998-12-31,182700000,,100000.0,41200000.0,-222100000,86000000,135300000.0,-2400000.0,9300000,,,100000.0,87200000,99000000,105400000,,68100000,9500000,,,629900000,500000,-19600000.0,16400000.0,26900000,400000.0,0.006667,2200000,0,1110500000,66600000.0,,8800000,,-4400000.0,-480600000,22000000,78500000,3200000,5300000,,2200000,-203600000.0,0.006667,3500000,,18600000.0,71100000,296796000,159600000,5800000.0,1900000,,422500000,,3600000.0,-500000.0,9600000.0,-67600000,704200000,521500000,5300000,16000000.0,296796000,-7400000.0,327000000.0,1800000,54200000,,3800000,633100000,-116400000,,,,,
1999-12-31,186600000,,-100000.0,53400000.0,-37400000,95000000,-55700000.0,-1600000.0,10900000,,,2600000.0,92500000,89900000,120900000,,79900000,11000000,,,590300000,6000000,-11500000.0,17300000.0,26500000,-500000.0,0.0175,1700000,1700000,1091400000,56600000.0,,13700000,,,-501100000,24000000,94400000,2600000,8500000,,1700000,-82200000.0,0.0175,5200000,,25800000.0,66600000,296712000,165700000,9100000.0,5098000,,383000000,,1700000.0,0.0,600000.0,-66500000,659500000,472900000,8500000,16000000.0,296712000,-7400000.0,277000000.0,2200000,44800000,,3600000,592900000,10300000,,,,,
2000-12-31,242505000,,,53441000.0,-116067000,108174000,2952000.0,-108000.0,11037000,,,2949000.0,119010000,118108000,177366000,,133904000,13847000,,,623174000,-31253000,-19858000.0,20542000.0,80463000,5895000.0,0.089167,7574000,7574000,1183573000,81566000.0,,41939000,,-51600000.0,-560399000,20421000,96903000,2191000,25472000,,7574000,-99359000.0,0.088333,16467000,,22878000.0,110269000,328608000,368651000,13162000.0,21723000,,375021000,,85104000.0,0.0,-7614000.0,-41632000,735634000,493129000,25472000,16000000.0,328608000,-6552000.0,253000000.0,1679000,191285000,,5981000,625365000,19651000,,,,,
2001-12-31,346552000,,,80619000.0,-379250000,200859000,126947000.0,-6523000.0,17560000,50711000.0,,3191000.0,250435000,110240000,246875000,,192884000,18380000,,835000.0,981338000,-33824000,-71165000.0,0.0,112265000,-1868000.0,0.13,5706000,5706000,1635005000,79575000.0,,74549000,,,-653667000,25650000,134610000,2706000,47084000,30665000.0,5706000,-127129000.0,0.1275,27465000,,20817000.0,84987000,363312000,447042000,14157000.0,47084000,,612239000,,7749000.0,0.0,19928000.0,650000,1069031000,722479000,47084000,,369286275,-4802000.0,393000000.0,7574000,200167000,,11010000,984044000,123306000,,,,,
2002-12-31,350657000,,,96512000.0,-138668000,200207000,-29618000.0,2308000.0,15252000,70028000.0,,3213000.0,165141000,123024000,210535000,,157668000,15983000,,-12939000.0,954737000,-23892000,-40167000.0,0.0,61156000,-3145000.0,0.0425,2561000,2561000,1707677000,73578000.0,,23777000,,,-752940000,28377000,149379000,7013000,16103000,49446000.0,2561000,-103189000.0,0.041667,7674000,,25311000.0,93121000,380844000,353756000,7882000.0,16103000,,581190000,,3461000.0,0.0,-13611000.0,11674000,1054871000,704214000,16103000,,386472000,-5079000.0,365000000.0,5706000,143221000,,5280000,961750000,61952000,,,,,
2003-12-31,365197000,,,94903000.0,-151856000,179926000,-90660000.0,-2989000.0,18241000,87425000.0,,3254000.0,241638000,154701000,314711000,,264634000,54377000,,-23135000.0,895955000,-194115000,-29838000.0,0.0,169731000,-878000.0,0.055,724000,724000,1736994000,84943000.0,,43042000,,,-841039000,25112000,144980000,6850000,27979000,69758000.0,724000,-122018000.0,0.054167,15063000,,23545000.0,121396000,384600000,509391000,-9837000.0,21132000,,504303000,,6728000.0,0.0,-24729000.0,27763000,1024201000,659004000,21132000,,387480000,-5043000.0,270000000.0,1602000,194680000,,15006000,902805000,119620000,,,,,
2004-12-31,455662000,,,103343000.0,-255357000,247376000,-8363000.0,-5808000.0,24049000,125754000.0,,3312000.0,273022000,196889000,353480000,,277599000,61029000,,-20351000.0,994081000,-27330000,-48130000.0,0.0,174256000,9302000.0,0.226667,10026000,10026000,1938708000,104969000.0,,138624000,,-15631000.0,-944627000,34735000,179224000,7341000,88378000,70976000.0,10026000,-207346000.0,0.224167,50246000,,22029000.0,194679000,389856000,530408000,31769000.0,88378000,,558405000,,12474000.0,0.0,-21232000.0,110935000,1210956000,755294000,88378000,20000000.0,394716000,-5206000.0,250000000.0,724000,176928000,,13505000,1016277000,65676000,,,,,
2005-12-31,600211000,,,108458000.0,-412150000,289381000,48190000.0,-567000.0,24616000,168248000.0,,5008000.0,364560000,218584000,472024000,,380155000,67194000,,-15115000.0,1238055000,-25858000,-61840000.0,22478000.0,271697000,600000.0,0.38,10626000,10626000,2295039000,140006000.0,,236234000,,-19183000.0,-1056984000,37650000,200327000,7416000,148445000,35159000.0,10626000,-351306000.0,0.37375,87789000,,22497000.0,230312000,390848000,682797000,39628000.0,148445000,,676575000,,4586000.0,0.0,-9880000.0,252167000,1495370000,895159000,148445000,20000000.0,397800000,-7213000.0,320000000.0,10026000,210773000,,11148000,1265058000,13254000,,,,,
2006-12-31,945198000,,36274000.0,128975000.0,-187353000,347430000,-138523000.0,-8381000.0,32997000,116546000.0,,5071000.0,357104000,251027000,554426000,,672924000,70836000,,37160000.0,1480201000,202011000,0.0,9282000.0,543949000,31228000.0,0.83,41854000,41854000,2467669000,147680000.0,,510505000,,-46492000.0,-987468000,58168000,10477000,7696000,321175000,42103000.0,41854000,-516827000.0,0.81375,189330000,,18441000.0,315682000,387216000,761988000,52011000.0,321175000,,638266000,,6235000.0,9485000.0,1289000.0,565591000,1834491000,889293000,321175000,20000000.0,394400000,-7751000.0,220000000.0,10626000,207562000,,82971000,1518809000,-159723000,,,,,
2007-12-31,1070257000,,39897000.0,143951000.0,-589922000,481770000,104429000.0,5644000.0,27353000,109306000.0,,10268000.0,462137000,252266000,533409000,,442300000,74301000,,-894000.0,1908117000,-33864000,-39772000.0,6774000.0,298349000,-23356000.0,0.4325,18498000,18498000,3012943000,173497000.0,,257532000,,-10670000.0,-1104826000,50775000,235060000,31217000,167423000,48065000.0,18498000,-557211000.0,0.4275,90109000,,17161000.0,221413000,387912000,732170000,95152000.0,167423000,,886071000,,5099000.0,0.0,-10610000.0,722344000,2208594000,1138337000,167423000,20000000.0,392520000,,330000000.0,41854000,198761000,,35968000,1987181000,-95074000,,,,,
2008-12-31,1790562000,,157832000.0,185403000.0,-1452289000,599106000,827445000.0,-18324000.0,45677000,109087000.0,,10356000.0,634447000,378913000,722303000,,634627000,101940000,,186426000.0,3135828000,-101375000,-31200000.0,5535000.0,449224000,9603000.0,0.525,28101000,28101000,4471594000,222985000.0,,335623000,,,-1335766000,74185000,273079000,105285000,211290000,50551000.0,28101000,-817440000.0,0.52,124333000,,36389000.0,460551000,402948000,945791000,120851000.0,211290000,,1532189000,,316230000.0,6288000.0,-8080000.0,921561000,3701664000,1911102000,211290000,35857000.0,406904000,-12073000.0,831143000.0,18498000,223488000,,277160000,3241113000,-182993000,,,,,
2009-12-31,1812514000,,286076000.0,,-531027000,644801000,-70968000.0,17687000.0,27990000,80362000.0,,10386000.0,614052000,308741000,667477000,29559000.0,533529000,112345000,-72409000.0,42436000.0,3401899000,-17622000,-51178000.0,2373000.0,303194000,12057000.0,0.3575,40158000,40158000,4913607000,215588000.0,22780000.0,223290000,20636000.0,,-1555408000,68374000,364283000,23064000,148343000,20205000.0,40158000,-611207000.0,0.3575,74947000,28725000.0,58979000.0,281502000,414464000,879276000,101815000.0,148343000,,1562146000,0.0,83000.0,13790000.0,23202000.0,1057472000,3683401000,1870887000,148343000,0.0,418332000,-12432000.0,805000000.0,28101000,211799000,,3417000,3401899000,2845000,,,,,
2010-12-31,1872700000,,346103000.0,,-613741000,714953000,144621000.0,-1677000.0,29667000,94488000.0,,10421000.0,484911000,303835000,645202000,15413000.0,593522000,138543000,-13821000.0,-3683000.0,3802023000,-40903000,0.0,0.0,201048000,15791000.0,0.2475,55949000,55949000,5608122000,229981000.0,,198498000,,,-1845362000,79177000,444154000,39263000,103386000,47897000.0,55949000,-857251000.0,0.2475,95112000,-14125000.0,67941000.0,203008000,415644000,844035000,61809000.0,103386000,,1828496000,0.0,801000.0,909000.0,27455000.0,1148391000,4005031000,2132331000,103386000,,415644000,-12467000.0,975000000.0,40158000,198833000,,5978000,3802023000,-372340000,,,,,
2011-12-31,2104768000,,537812000.0,,-487620000,802592000,-40257000.0,7708000.0,21278000,114381000.0,,20902000.0,501839000,343344000,718852000,52940000.0,649991000,130789000,-355000000.0,104547000.0,3934584000,63382000,403657000.0,385000.0,243468000,-26038000.0,0.295,29911000,95302000,5805356000,19422000.0,12297000.0,235187000,0.0,,-1870772000,104667000,475384000,51109000,122408000,24701000.0,29911000,-891277000.0,0.295,112779000,-19893000.0,71663000.0,345800000,416996000,979864000,74744000.0,122408000,,1883381000,0.0,,-2749000.0,-47335000.0,1258291000,4331493000,2226725000,122408000,,416996000,-12508000.0,950000000.0,121340000,261012000,,55000,3985693000,-389438000,,,,,
2012-12-31,2131447000,-6863000.0,517542000.0,,-765514000,882672000,114246000.0,7104000.0,14173000,165070000.0,-6863000.0,21043000.0,652093000,444139000,463087000,46872000.0,306133000,146055000,0.0,23880000.0,4310977000,50635000,169326000.0,192000.0,255498000,825000.0,0.315,30736000,30736000,6518216000,22977000.0,1667000.0,237840000,6915000.0,,-2207239000,121239000,207589000,35026000,131730000,188409000.0,30736000,-927977000.0,0.315,106110000,-58037000.0,68293000.0,270310000,419076000,1204546000,80929000.0,131730000,18843000.0,2040727000,,,-5997000.0,-27967000.0,1373264000,4616313000,2484866000,131730000,75000000.0,419076000,-16757000.0,1012000000.0,29911000,741459000,44203000.0,50824000,4346003000,-275884000,,,,,
2013-12-31,2204602000,-18875000.0,701416000.0,,-918207000,1067912000,-113655000.0,-3033000.0,17468000,215361000.0,-18875000.0,42201000.0,1024526000,407905000,694945000,45863000.0,550480000,153661000,0.0,-8361000.0,4546227000,21351000,-28094000.0,13912000.0,529129000,-7336000.0,0.67,23400000,23400000,7072199000,26023000.0,31591000.0,485538000,26892000.0,-164634000.0,-2525972000,104606000,165816000,55954000,279773000,170007000.0,23400000,-1194739000.0,0.67,205765000,-49398000.0,64942000.0,378899000,420188000,1746278000,138380000.0,279773000,-22908000.0,2368573000,,,16211000.0,-73692000.0,1627805000,4981080000,2776478000,279773000,0.0,420188000,-25232000.0,1147000000.0,30736000,1051333000,14093000.0,5606000,4602181000,-170213000,,,,,
2014-12-31,2142733000,-252793000.0,663770000.0,,-1664840000,843876000,425959000.0,3441000.0,14026000,227835000.0,-38056000.0,42292000.0,1236435000,499018000,1015371000,18349000.0,106186000,200089000,-1427000000.0,-2151000.0,4925711000,-750837000,28094000.0,88000.0,857023000,-2446000.0,0.25,20954000,20954000,8828217000,54949000.0,0.0,32401000,68029000.0,-138852000.0,-3902506000,82590000,158348000,98558000,104468000,256152000.0,20954000,-1479632000.0,0.25,-72067000,-11689000.0,73785000.0,413447000,415840000,2173011000,-112567000.0,104468000,2883000.0,2795965000,,,-6911000.0,-35550000.0,1698995000,5437716000,3294983000,104468000,,415840000,-33278000.0,1752000000.0,23400000,1157640000,88000.0,137603000,5024269000,-243197000,,,,,
2015-12-31,2009188000,-45385000.0,831636000.0,,-993334000,807236000,232157000.0,-3023000.0,17049000,116772000.0,-29073000.0,42377000.0,740737000,235552000,153945000,13645000.0,-90362000,204923000,-604000000.0,-365000.0,4976879000,-104594000,7653000.0,0.0,14232000,-20440000.0,-0.28,514000,514000,9573100000,30038000.0,14628000.0,-187273000,103517000.0,0.0,-4596221000,69444000,139713000,140234000,-113891000,63681000.0,514000,-955602000.0,-0.28,-73382000,112406000.0,96911000.0,144786000,413696000,1357150000,-72968000.0,-113891000,-64533000.0,3017159000,,,-7753000.0,41637000.0,1552014000,5261899000,3252711000,-113891000,20000000.0,413696000,-33090000.0,2005000000.0,20954000,1203205000,,2671000,5117113000,-214865000,,,,,
2016-12-31,2567667000,-28484000.0,632108000.0,,-353218000,579447000,458869000.0,3044000.0,13304000,185594000.0,-28484000.0,47504000.0,392377000,257812000,17526000,25982000.0,-571263000,197113000,-497000000.0,985000.0,4250125000,-444662000,50419000.0,40259000.0,-126601000,498028000.0,-0.91,498542000,498542000,7970455000,27355000.0,13827000.0,-659599000,129524000.0,0.0,-3720330000,87242000,144127000,156563000,-417124000,63807000.0,498542000,-375153000.0,-0.91,-242475000,-71060000.0,88336000.0,715881000,456847000,1155677000,-230707000.0,-417124000,5794000.0,2297090000,,995279000.0,-3223000.0,-68326000.0,1098703000,5122569000,2554902000,-417124000,0.0,456847000,-36187000.0,1520530000.0,514000,1138151000,,2692000,4406688000,17224000,,,,,
2017-12-31,2523905000,-57039000.0,719372000.0,,-706153000,227030000,-210502000.0,1334000.0,8006000,215511000.0,,47555000.0,898160000,630050000,596401000,33419000.0,443602000,112720000,0.0,2077000.0,3072204000,-589907000,,32989000.0,443602000,-18495000.0,0.22,480047000,480047000,5207225000,7815000.0,17351000.0,-228435000,86077000.0,-123741000.0,-2135021000,97786000,152799000,890183000,100393000,111432000.0,480047000,-764558000.0,0.22,-328828000,-25036000.0,82130000.0,764957000,463735000,1764219000,-321113000.0,100393000,-2552000.0,1573389000,,0.0,-7923000.0,-77942000.0,1162430000,4727344000,2203439000,100393000,304000000.0,463735000,-78838000.0,1217891000.0,498542000,1167818000,81500000.0,2794000,3962387000,133602000,,,,,
2018-12-31,2088159000,-77263000.0,509822000.0,,-293383000,458597000,-1289280000.0,-3927000.0,11076000,362973000.0,,47610000.0,1104903000,287264000,1020094000,31443000.0,786991000,138705000,-455000000.0,4437000.0,3463606000,-15653000,,,786991000,-477760000.0,1.25,2287000,2287000,6006377000,30033000.0,1134000.0,698137000,163181000.0,-872761000.0,-2542771000,96641000,233103000,190678000,557043000,114839000.0,2287000,-894470000.0,1.25,141094000,-146921000.0,,544545000,445538000,2188148000,229603000.0,557043000,30468000.0,1823406000,,0.0,-8150000.0,-163460000.0,1607658000,4198829000,2110670000,557043000,,445538000,-111369000.0,1226104000.0,480047000,1168054000,0.0,1863000,3654284000,210433000,,,,,
