date,annualGrossPPE,annualRepaymentOfDebt,annualChangeInCashSupplementalAsReported,annualOtherCurrentLiabilities,annualNetIncomeCommonStockholders,annualBeginningCashPosition,annualInterestExpense,annualOtherNonCurrentLiabilities,annualCapitalExpenditure,annualTotalNonCurrentAssets,annualOtherIncomeExpense,annualSellingGeneralAndAdministration,annualCashFlowFromContinuingFinancingActivities,annualNetIncomeContinuousOperations,annualNetOtherFinancingCharges,annualOtherNonCashItems,annualChangeInInventory,annualInventory,annualBasicEPS,annualCurrentDebt,annualCurrentDeferredRevenue,annualStockBasedCompensation,annualPurchaseOfBusiness,annualCostOfRevenue,annualCapitalStock,annualOperatingExpense,annualGrossProfit,annualDeferredIncomeTax,annualAccumulatedDepreciation,annualTotalLiabilitiesNetMinorityInterest,annualNonCurrentDeferredTaxesLiabilities,annualChangeInWorkingCapital,annualChangesInAccountReceivables,annualNetOtherInvestingChanges,annualRetainedEarnings,annualPretaxIncome,annualDilutedEPS,annualGoodwill,annualFreeCashFlow,annualCommonStockIssuance,annualDilutedAverageShares,annualAccountsReceivable,annualCashDividendsPaid,annualNetIncome,annualAccountsPayable,annualTotalRevenue,annualOtherCurrentAssets,annualPurchaseOfInvestment,annualInvestingCashFlow,annualEndCashPosition,annualTaxProvision,annualTotalAssets,annualStockholdersEquity,annualBasicAverageShares,annualNonCurrentDeferredRevenue,annualLongTermDebt,annualOperatingIncome,annualCashAndCashEquivalents,annualDepreciationAndAmortization,annualCurrentLiabilities,annualCurrentAccruedExpenses,annualInvestmentsAndAdvances,annualIncomeTaxPayable,annualSaleOfInvestment,annualChangeInAccountPayable,annualGainsLossesNotAffectingRetainedEarnings,annualNetPPE,annualOperatingCashFlow,annualOtherIntangibleAssets,annualOtherNonCurrentAssets,annualCashCashEquivalentsAndMarketableSecurities,annualTotalNonCurrentLiabilitiesNetMinorityInterest,annualRepurchaseOfCapitalStock,annualEbitda,annualCurrentAssets,annualResearchAndDevelopment,annualOtherShortTermInvestments
1995-12-31,723461000.0,-29726000.0,-4368000.0,43417000.0,30592000,9866000.0,,16703000.0,-41822000.0,843750000.0,-41694000.0,,60057000.0,36454000,18954000.0,17579000.0,,6897000.0,0.6325,48712000.0,,,0.0,230095000.0,123846000.0,122906000.0,216940000.0,-1486000.0,,602721000.0,,6610000.0,,-61256000.0,,52340000.0,0.6325,27060000.0,18879000.0,9953000.0,48398904,57823000.0,-22048000.0,35040000,54362000.0,447035000,0.0,0.0,-103078000.0,5498000.0,20334000.0,916409000.0,294698000.0,48398904,,385343000.0,94034000,5498000.0,37998000.0,153368000.0,,,205000.0,,,,723461000.0,60701000.0,,93229000.0,5498000.0,449353000.0,,132032000,72659000.0,,
1996-12-31,,,,,29100000,,,,,,,,,36400000,,,,,0.59,,,,,,,,,,,,,,,,,,0.59,,,,49275552,,,36400000,,474300000,,,,,,,,49275552,,,474300000,,,,,,,,,,,,,,,,,474300000,,,
1997-12-31,1229996000.0,,4236000.0,61494000.0,30006000,7587000.0,38658000.0,510265000.0,-49681000.0,938793000.0,-6232000.0,,-6247000.0,30006000,2481000.0,43354000.0,,6373000.0,0.595,61494000.0,,,,243119000.0,326543000.0,145847000.0,250707000.0,-17000.0,-451648000.0,682423000.0,,-8859000.0,,-4320000.0,185480000.0,59455000.0,0.595,,14803000.0,9139000.0,50492000,58186000.0,-22453000.0,30006000,80844000.0,493826000,2221000.0,,-54001000.0,11823000.0,29449000.0,1017396000.0,326543000.0,50492000,,435627000.0,104860000,11823000.0,,172158000.0,29820000.0,,,,,,778348000.0,64484000.0,,73163000.0,11823000.0,,-50000000.0,147112000,78603000.0,,
1998-12-31,1258102000.0,,-4862000.0,28360000.0,27414000,11823000.0,42790000.0,549305000.0,-63644000.0,952380000.0,638000.0,,-9769000.0,27414000,-5214000.0,43652000.0,,7396000.0,0.53,28360000.0,,,,,338677000.0,382983000.0,474354000.0,-1398000.0,-468475000.0,690085000.0,,5920000.0,,-5229000.0,189585000.0,50480000.0,0.53,,10136000.0,8029000.0,51632000,70455000.0,-23309000.0,27414000,81119000.0,474354000,0.0,,-68873000.0,6961000.0,23066000.0,1037192000.0,338677000.0,51632000,,479485000.0,91371000,6961000.0,,140780000.0,31301000.0,,,,,,789627000.0,73780000.0,,70594000.0,6961000.0,,,134411000,84812000.0,,
1999-12-31,1538757000.0,,4704000.0,103230000.0,29183000,6587000.0,44228000.0,639792000.0,-66708000.0,1150746000.0,-2975000.0,,42494000.0,29240000,1586000.0,38750000.0,,17226000.0,0.56,103230000.0,,,,,344866000.0,401891000.0,505218000.0,636000.0,-549009000.0,869361000.0,,15225000.0,,3321000.0,191714000.0,56716000.0,0.56,,17971000.0,4852000.0,52188000,64345000.0,-23788000.0,29183000,94431000.0,505218000,0.0,,-122469000.0,11291000.0,27476000.0,1243608000.0,344866000.0,52188000,,537828000.0,103327000,11291000.0,,229569000.0,31908000.0,,,,,-792000.0,989748000.0,84679000.0,,65682000.0,11291000.0,,,148991000,92862000.0,,
2000-12-31,1694198000.0,,7141000.0,46327000.0,36759000,11291000.0,56864000.0,826853000.0,-157652000.0,1366633000.0,-737000.0,,150848000.0,36759000,3471000.0,41733000.0,,16731000.0,0.68,46327000.0,,,,,412140000.0,471176000.0,584575000.0,-1582000.0,-579787000.0,1034954000.0,,20394000.0,,-3039000.0,201683000.0,54392000.0,0.68,,-57199000.0,55350000.0,54068000,76800000.0,-25737000.0,36759000,130750000.0,584575000,0.0,-81515000.0,-244160000.0,18432000.0,17633000.0,1478596000.0,412140000.0,54068000,,728350000.0,113399000,18432000.0,,208101000.0,31024000.0,,,,,1163000.0,1114411000.0,100453000.0,,148699000.0,18432000.0,,,166163000,111963000.0,,
2001-12-31,1906699000.0,,-4147000.0,150526000.0,53442000,18432000.0,65560000.0,866375000.0,-149455000.0,1489817000.0,-161000.0,,141445000.0,52721000,465000.0,52030000.0,,18173000.0,0.8975,150526000.0,,,,,448929000.0,481073000.0,628254000.0,12207000.0,-622104000.0,1139688000.0,,-25737000.0,,-3723000.0,227109000.0,80809000.0,0.8975,,-55340000.0,7146000.0,59512000,102156000.0,-28016000.0,53442000,122776000.0,628254000,321000.0,-901000.0,-239726000.0,14285000.0,28088000.0,1624752000.0,448929000.0,59512000,,796092000.0,147181000,14285000.0,,273313000.0,11000.0,,,5500000.0,,5380000.0,1284595000.0,94115000.0,,89160000.0,14285000.0,,,209907000,134935000.0,,
2002-12-31,2221386000.0,,11973000.0,181569000.0,63252000,14285000.0,77226000.0,1028124000.0,-228830000.0,1806877000.0,-2736000.0,,225973000.0,63252000,5436000.0,58198000.0,,17792000.0,0.9725,181569000.0,,,,,584453000.0,542345000.0,715465000.0,3248000.0,-715097000.0,1362591000.0,24360000.0,5185000.0,,-4522000.0,257776000.0,95740000.0,0.9725,,-94408000.0,102083000.0,65108000,136072000.0,-33175000.0,63252000,145236000.0,715465000,0.0,-12276000.0,-348724000.0,26258000.0,32488000.0,1986999000.0,584453000.0,65108000,,942300000.0,173120000,26258000.0,,334467000.0,7662000.0,,,,,6228000.0,1506289000.0,134422000.0,,116158000.0,26258000.0,,-50000000.0,238496000,180122000.0,,
2003-12-31,2321825000.0,,38836000.0,142649000.0,73630000,26258000.0,90909000.0,1138877000.0,-207740000.0,1998766000.0,-3952000.0,,189603000.0,73630000,-179000.0,57529000.0,,16470000.0,1.0625,142649000.0,,,,,737657000.0,642264000.0,843080000.0,5127000.0,-712348000.0,1436154000.0,41851000.0,16527000.0,,-19486000.0,294986000.0,111866000.0,1.025,,-47106000.0,131292000.0,71834146,130251000.0,-36420000.0,73630000,153566000.0,843080000,0.0,-71029000.0,-308006000.0,65094000.0,38236000.0,2210581000.0,737657000.0,69236000,,1031358000.0,200816000,65094000.0,,297277000.0,1062000.0,,,,,-10843000.0,1609477000.0,160634000.0,,178511000.0,65094000.0,,,263569000,211815000.0,,
2004-12-31,5241032000.0,,-27891000.0,228920000.0,90855000,65094000.0,118275000.0,1943238000.0,-278669000.0,3581460000.0,-11090000.0,,743657000.0,90855000,16163000.0,121110000.0,,30235000.0,1.0725,228920000.0,,,,,1319642000.0,882284000.0,1146128000.0,9006000.0,-2552896000.0,2480867000.0,34771000.0,50348000.0,,-11724000.0,337013000.0,137782000.0,1.01,,-7350000.0,534769000.0,89955446,169649000.0,-48828000.0,90855000,270055000.0,1146128000,19449000.0,-8000.0,-1042434000.0,37203000.0,46927000.0,3837996000.0,1319642000.0,84736000,,1878639000.0,263844000,37203000.0,,537629000.0,23657000.0,,,,,-13947000.0,2688136000.0,271319000.0,,216130000.0,37203000.0,,,379500000,256536000.0,,
2005-12-31,5128552000.0,,-3787000.0,91260000.0,137097000,37203000.0,148940000.0,2233653000.0,-508629000.0,4003498000.0,-4271000.0,,159917000.0,137097000,-2399000.0,163214000.0,,32033000.0,1.35,91260000.0,,,,,1532905000.0,1085010000.0,1441471000.0,12322000.0,-2107883000.0,2743731000.0,44718000.0,-9208000.0,,43580000.0,411742000.0,207513000.0,1.24,,-205204000.0,135253000.0,110562097,204169000.0,-62368000.0,137097000,265223000.0,1441471000,43075000.0,-193000.0,-466944000.0,33416000.0,70416000.0,4316191000.0,1532905000.0,101750000,,2124674000.0,356461000,33416000.0,,423298000.0,48891000.0,,,,,-14812000.0,3020669000.0,303425000.0,,308523000.0,33416000.0,,-38000.0,515176000,312693000.0,,
2006-12-31,530465000.0,,7505000.0,182455000.0,147187000,33416000.0,168329000.0,2695187000.0,-499990000.0,5038302000.0,2088000.0,,378362000.0,148772000,9535000.0,177211000.0,,32675000.0,1.42,182455000.0,,,,540485000.0,1717594000.0,576098000.0,931251000.0,10257000.0,-61481000.0,3599342000.0,57737000.0,-73103000.0,,28536000.0,486297000.0,181310000.0,1.37,,-236853000.0,136341000.0,107435766,285619000.0,-76624000.0,148772000,333755000.0,1471736000,49924000.0,-1893000.0,-634082000.0,40921000.0,32538000.0,5447441000.0,1717594000.0,103578000,,2558463000.0,355153000,40921000.0,,565254000.0,27339000.0,,,,,-44333000.0,468984000.0,263137000.0,,3723353000.0,40921000.0,,,532664000,409139000.0,,
2007-12-31,9726000000.0,,17000000.0,911000000.0,193000000,41000000.0,293000000.0,5259000000.0,-803000000.0,9209000000.0,-10000000.0,,1680000000.0,199000000,-15000000.0,280000000.0,,233000000.0,1.4,911000000.0,,,,1287000000.0,2723000000.0,890000000.0,1431000000.0,,-2485000000.0,7435000000.0,55000000.0,-106000000.0,,-4000000.0,551000000.0,235000000.0,1.32,,-430000000.0,1267000000.0,146212121,635000000.0,-134000000.0,199000000,793000000.0,2718000000,138000000.0,,-2033000000.0,58000000.0,36000000.0,10273000000.0,2723000000.0,137857143,,4623000000.0,541000000,58000000.0,,1804000000.0,57000000.0,,,,,-82000000.0,7241000000.0,373000000.0,,275000000.0,58000000.0,,,814000000,1064000000.0,,
2008-12-31,10771000000.0,,8000000.0,650000000.0,245000000,58000000.0,363000000.0,5542000000.0,-904000000.0,10028000000.0,0.0,,196000000.0,259000000,-12000000.0,372000000.0,,229000000.0,1.56,650000000.0,,,,2112000000.0,3393000000.0,1091000000.0,1791000000.0,14000000.0,-2863000000.0,7640000000.0,61000000.0,18000000.0,,-31000000.0,634000000.0,324000000.0,1.52,,-241000000.0,531000000.0,161184211,681000000.0,-176000000.0,259000000,874000000.0,3903000000,174000000.0,,-854000000.0,66000000.0,65000000.0,11178000000.0,3393000000.0,157400000,,4884000000.0,700000000,66000000.0,,1697000000.0,126000000.0,,,,,-47000000.0,7908000000.0,663000000.0,,1841000000.0,66000000.0,,,1048000000,1150000000.0,,
2009-12-31,11194000000.0,-172000000.0,19000000.0,277000000.0,262000000,66000000.0,361000000.0,436000000.0,-1024000000.0,11034000000.0,1000000.0,,438000000.0,292000000,-12000000.0,21000000.0,,178000000.0,1.54,415000000.0,,,-77000000.0,1799000000.0,347000000.0,1137000000.0,1838000000.0,5000000.0,-2948000000.0,8497000000.0,576000000.0,-41000000.0,,0.0,763000000.0,341000000.0,1.51,1560000000.0,-387000000.0,46000000.0,184800000,595000000.0,-161000000.0,280000000,852000000.0,3637000000,223000000.0,-8000000.0,-1052000000.0,85000000.0,49000000.0,12160000000.0,3540000000.0,170200000,,,701000000,85000000.0,360000000.0,1594000000.0,,,23000000.0,,,-83000000.0,8246000000.0,637000000.0,279000000.0,780000000.0,85000000.0,6903000000.0,,1066000000,1126000000.0,,
2010-12-31,11762000000.0,-385000000.0,24000000.0,116000000.0,285000000,85000000.0,350000000.0,775000000.0,-1073000000.0,11699000000.0,0.0,,283000000.0,323000000,45000000.0,4000000.0,,168000000.0,1.65,358000000.0,,,0.0,1686000000.0,592000000.0,1238000000.0,1978000000.0,-3000000.0,-3000000000.0,8844000000.0,623000000.0,-2000000.0,,0.0,804000000.0,390000000.0,1.62,1553000000.0,-341000000.0,80000000.0,187100000,655000000.0,-230000000.0,313000000,953000000.0,3664000000,241000000.0,,-991000000.0,109000000.0,67000000.0,12903000000.0,3897000000.0,172900000,,,740000000,109000000.0,408000000.0,1517000000.0,,,30000000.0,,,-94000000.0,8762000000.0,732000000.0,324000000.0,1044000000.0,109000000.0,7327000000.0,,1150000000,1204000000.0,,
2011-12-31,12711000000.0,-234000000.0,-20000000.0,149000000.0,318000000,109000000.0,370000000.0,881000000.0,-1174000000.0,12442000000.0,40000000.0,,201000000.0,356000000,-64000000.0,27000000.0,30000000.0,134000000.0,1.75,159000000.0,,,-25000000.0,1697000000.0,592000000.0,1284000000.0,2050000000.0,4000000.0,-4024000000.0,8885000000.0,685000000.0,98000000.0,,-52000000.0,905000000.0,436000000.0,1.74,1557000000.0,-270000000.0,345000000.0,190000000,644000000.0,-189000000.0,347000000,914000000.0,3747000000,210000000.0,,-1125000000.0,89000000.0,80000000.0,13562000000.0,4469000000.0,181600000,,,766000000,89000000.0,422000000.0,1320000000.0,,,33000000.0,,,-74000000.0,8687000000.0,904000000.0,341000000.0,1849000000.0,89000000.0,7565000000.0,,1228000000,1120000000.0,,
2012-12-31,14411000000.0,-88000000.0,67000000.0,170000000.0,315000000,87000000.0,384000000.0,15000000.0,-1130000000.0,13857000000.0,-1000000.0,,171000000.0,371000000,84000000.0,-8000000.0,3000000.0,133000000.0,1.66,253000000.0,,10000000.0,-21000000.0,1522000000.0,1108000000.0,1338000000.0,2132000000.0,17000000.0,-4162000000.0,9540000000.0,718000000.0,116000000.0,49000000.0,68000000.0,952000000.0,432000000.0,1.65,1568000000.0,-154000000.0,24000000.0,197200000,544000000.0,-216000000.0,362000000,498000000.0,3654000000,185000000.0,,-1080000000.0,154000000.0,61000000.0,14950000000.0,5100000000.0,190000000,6000000.0,5830000000.0,794000000,154000000.0,470000000.0,1308000000.0,85000000.0,3000000.0,24000000.0,,36000000.0,-96000000.0,10249000000.0,976000000.0,325000000.0,120000000.0,154000000.0,8232000000.0,,1286000000,1093000000.0,,
2013-12-31,16600000000.0,-173000000.0,-79000000.0,247000000.0,353000000,154000000.0,412000000.0,76000000.0,-1175000000.0,16612000000.0,-38000000.0,1037000000.0,1186000000.0,400000000,52000000.0,-42000000.0,7000000.0,143000000.0,1.74,940000000.0,,,-1055000000.0,1617000000.0,1229000000.0,1578000000.0,2430000000.0,-6000000.0,-4333000000.0,11532000000.0,1078000000.0,-31000000.0,-44000000.0,66000000.0,1044000000.0,432000000.0,1.73,2075000000.0,-276000000.0,596000000.0,209300000,682000000.0,-237000000.0,410000000,463000000.0,4047000000,150000000.0,,-2164000000.0,72000000.0,32000000.0,17908000000.0,6001000000.0,202500000,,6474000000.0,852000000,72000000.0,541000000.0,2084000000.0,91000000.0,10000000.0,9000000.0,,-96000000.0,-72000000.0,12267000000.0,899000000.0,345000000.0,143000000.0,72000000.0,9448000000.0,-125000000.0,1385000000,1296000000.0,,
2014-12-31,25528000000.0,-743000000.0,158000000.0,355000000.0,317000000,72000000.0,574000000.0,147000000.0,-1725000000.0,24665000000.0,-38000000.0,1493000000.0,3361000000.0,385000000,28000000.0,60000000.0,-11000000.0,321000000.0,1.41,835000000.0,,,-2648000000.0,2197000000.0,1820000000.0,2181000000.0,3204000000.0,23000000.0,-7712000000.0,17516000000.0,1837000000.0,-204000000.0,53000000.0,174000000.0,1060000000.0,451000000.0,1.4,3732000000.0,-743000000.0,51000000.0,226100000,479000000.0,-256000000.0,379000000,612000000.0,5401000000,295000000.0,,-4199000000.0,230000000.0,66000000.0,26628000000.0,8691000000.0,225600000,26000000.0,10049000000.0,1023000000,230000000.0,688000000.0,2684000000.0,128000000.0,12000000.0,0.0,,-123000000.0,129000000.0,17816000000.0,982000000.0,488000000.0,183000000.0,230000000.0,14832000000.0,0.0,1713000000,1963000000.0,,
2015-12-31,27868000000.0,-1224000000.0,12000000.0,492000000.0,728000000,230000000.0,580000000.0,159000000.0,-2243000000.0,26947000000.0,179000000.0,1864000000.0,-346000000.0,840000000,-3000000.0,56000000.0,15000000.0,337000000.0,2.61,895000000.0,,,-38000000.0,2561000000.0,1820000000.0,2737000000.0,4166000000.0,164000000.0,-8273000000.0,18451000000.0,2050000000.0,-48000000.0,14000000.0,913000000.0,1388000000.0,1063000000.0,2.59,4173000000.0,-570000000.0,40000000.0,284700000,517000000.0,-309000000.0,805000000,574000000.0,6727000000,246000000.0,,-1368000000.0,242000000.0,223000000.0,28804000000.0,9880000000.0,278600000,38000000.0,10840000000.0,1429000000,242000000.0,873000000.0,2638000000.0,127000000.0,125000000.0,,,-82000000.0,791000000.0,19595000000.0,1673000000.0,541000000.0,93000000.0,242000000.0,15813000000.0,,2516000000,1857000000.0,,
2016-12-31,40193000000.0,-336000000.0,27000000.0,690000000.0,585000000,242000000.0,707000000.0,171000000.0,-2061000000.0,45738000000.0,46000000.0,2031000000.0,5050000000.0,713000000,1308000000.0,27000000.0,17000000.0,372000000.0,1.89,1406000000.0,287000000.0,,-4841000000.0,2341000000.0,1623000000.0,3014000000.0,4497000000.0,98000000.0,-10856000000.0,31454000000.0,3263000000.0,5000000.0,43000000.0,11000000.0,1455000000.0,858000000.0,1.89,12364000000.0,-177000000.0,45000000.0,313400000,507000000.0,-388000000.0,660000000,554000000.0,6838000000,313000000.0,,-6891000000.0,269000000.0,145000000.0,47904000000.0,14597000000.0,308900000,69000000.0,20876000000.0,1483000000,269000000.0,983000000.0,3944000000.0,218000000.0,99000000.0,,,25000000.0,745000000.0,29337000000.0,1884000000.0,1011000000.0,136000000.0,269000000.0,27510000000.0,-200000000.0,2548000000,2166000000.0,,
2017-12-31,40249000000.0,-3356000000.0,58000000.0,705000000.0,963000000,269000000.0,914000000.0,91000000.0,-3024000000.0,45615000000.0,113000000.0,2261000000.0,339000000.0,1125000000,-113000000.0,-90000000.0,-6000000.0,367000000.0,2.32,914000000.0,204000000.0,,,2361000000.0,1623000000.0,3440000000.0,5940000000.0,544000000.0,-10581000000.0,31073000000.0,2298000000.0,-29000000.0,-74000000.0,-1000000.0,1727000000.0,1713000000.0,2.31,11644000000.0,-268000000.0,561000000.0,416200000,492000000.0,-484000000.0,1028000000,696000000.0,8301000000,303000000.0,,-3025000000.0,327000000.0,588000000.0,47822000000.0,15003000000.0,415500000,67000000.0,20754000000.0,2500000000,327000000.0,1179000000.0,3504000000.0,223000000.0,124000000.0,,,119000000.0,61000000.0,29668000000.0,2756000000.0,1081000000.0,171000000.0,327000000.0,27569000000.0,,3806000000,2207000000.0,,
2018-12-31,44355000000.0,-6086000000.0,20000000.0,934000000.0,1100000000,327000000.0,974000000.0,74000000.0,-3218000000.0,49790000000.0,45000000.0,,644000000.0,1286000000,-49000000.0,28000000.0,-8000000.0,398000000.0,2.59,986000000.0,267000000.0,,,2495000000.0,1623000000.0,3530000000.0,5895000000.0,136000000.0,-11701000000.0,34595000000.0,2686000000.0,-89000000.0,-204000000.0,-34000000.0,2082000000.0,1451000000.0,2.59,12530000000.0,-614000000.0,34000000.0,425200000,538000000.0,-525000000.0,1166000000,679000000.0,8390000000,324000000.0,,-3252000000.0,332000000.0,165000000.0,53051000000.0,16533000000.0,424700000,57000000.0,23159000000.0,2365000000,332000000.0,1243000000.0,4252000000.0,230000000.0,153000000.0,,,99000000.0,928000000.0,32654000000.0,2604000000.0,1200000000.0,204000000.0,332000000.0,30343000000.0,,3668000000,3261000000.0,,
