date,annualInterestExpense,annualBasicEPS,annualCapitalExpenditure,annualOtherCurrentLiabilities,annualChangeInCashSupplementalAsReported,annualOtherNonCurrentLiabilities,annualBasicAverageShares,annualOperatingExpense,annualBeginningCashPosition,annualRepaymentOfDebt,annualInvestmentsAndAdvances,annualGrossPPE,annualTotalNonCurrentAssets,annualDilutedEPS,annualSellingGeneralAndAdministration,annualOtherIncomeExpense,annualCurrentDebt,annualEndCashPosition,annualStockBasedCompensation,annualNetOtherFinancingCharges,annualCashFlowFromContinuingFinancingActivities,annualCapitalStock,annualNetIncomeContinuousOperations,annualCostOfRevenue,annualTotalRevenue,annualAccumulatedDepreciation,annualNonCurrentDeferredTaxesLiabilities,annualTotalLiabilitiesNetMinorityInterest,annualDeferredIncomeTax,annualGrossProfit,annualChangeInWorkingCapital,annualPretaxIncome,annualNonCurrentDeferredRevenue,annualLongTermDebt,annualNetIncome,annualCashDividendsPaid,annualTotalAssets,annualGoodwill,annualInvestingCashFlow,annualNetOtherInvestingChanges,annualRetainedEarnings,annualAccountsReceivable,annualStockholdersEquity,annualFreeCashFlow,annualDepreciationAndAmortization,annualIncomeTaxPayable,annualOperatingIncome,annualDilutedAverageShares,annualAccountsPayable,annualOtherNonCashItems,annualOtherCurrentAssets,annualTaxProvision,annualCashAndCashEquivalents,annualCurrentAccruedExpenses,annualCashCashEquivalentsAndMarketableSecurities,annualOtherIntangibleAssets,annualCommonStockIssuance,annualSaleOfInvestment,annualNetIncomeCommonStockholders,annualNetPPE,annualOperatingCashFlow,annualTotalNonCurrentLiabilitiesNetMinorityInterest,annualChangeInAccountPayable,annualCurrentLiabilities,annualOtherNonCurrentAssets,annualEbitda,annualCurrentAssets,annualChangesInAccountReceivables,annualGainsLossesNotAffectingRetainedEarnings,annualInventory,annualResearchAndDevelopment,annualCurrentDeferredRevenue,annualPurchaseOfBusiness,annualRepurchaseOfCapitalStock,annualOtherShortTermInvestments,annualPurchaseOfInvestment,annualChangeInInventory
2011-12-31,0,0.298616,-8288000,,-1767000,,89020704,46332000,18913000,-900000,,,,0.298616,31764000,-6958000,,17146000,0,-49536000,-50436000,,26684000,139997000,231884000,,,,-6514000,91887000,22177000,45559000,,,26684000,0,,,-8171000,0,,,,48552000,14568000,,45555000,89020704,,0,,18875000,,,,,,,26583000,,56840000,,-288000,,,60127000,,,,,,,,,,,
2012-12-31,0,0.256491,-5190000,109000,-2584000,0,89020704,45478000,17146000,0,,213616000,250363000,0.256491,31388000,-6320000,,14562000,0,-24518000,-24518000,0,22919000,127817000,210643000,-94662000,8417000,30745000,-88000,82826000,-10035000,37350000,,0,22919000,0,267075000,75521000,-4810000,0,164974000,,236330000,21554000,14090000,11538000,37348000,89020704,251000,0,1009000,14431000,14562000,9294000,14562000,9577000,,0,22833000,118954000,26744000,8417000,-260000,22328000,134000,51440000,16712000,,,,,,,,,,
2013-12-31,19254000,0.18,-16428000,12911000,270659000,0,110166667,85608000,14562000,0,,244965000,2300668000,0.17,56685000,-4203000,,285221000,1566000,-2096982000,206302000,887000,19830000,100142000,242129000,-105844000,4282000,2466810000,-5646000,141987000,34728000,37126000,,2350000000,19830000,-2090000000,2609239000,75521000,-16275000,0,137891000,,142429000,64204000,28923000,17256000,56379000,110166667,21397000,1270000,17367000,17296000,285221000,42175000,285221000,9577000,,,19830000,139121000,80632000,2354282000,2638000,112528000,17041000,85303000,308571000,,,,,,,,,,
2014-12-31,117030000,1.65,-142769000,15788000,-249248000,0,112353939,187679000,285221000,-32024000,,252798000,2439438000,1.58,80836000,0,81000,35973000,12258000,-941000,-205188000,1130000,185384000,144883000,635945000,-118770000,1443000,2689316000,-3305000,491062000,-35988000,188797000,,2609406000,185384000,-494104000,2564580000,75521000,-317319000,-34000000,-1014726000,,-124736000,130490000,106843000,0,303383000,117331646,4409000,8057000,45254000,3413000,35973000,35448000,35973000,9577000,,,185384000,134028000,273259000,2610849000,-1650000,78467000,383000,412670000,125142000,,,,,,,,,,
2015-12-31,124183000,1.12,-19102000,17687000,5902000,0,114394643,195452000,35973000,-68098000,2090059000,261082000,2311301000,1.08,85669000,0,102000,41875000,16811000,-9500000,-299644000,1156000,128122000,122186000,575053000,-131335000,232000,2701669000,-813000,452867000,-4241000,135564000,107379000,2510239000,128122000,-251732000,2448155000,75521000,-14142000,4650000,-1189890000,,-253514000,300586000,109783000,,257415000,118631481,406000,69841000,57721000,7442000,41875000,40922000,41875000,9577000,,,128122000,129747000,319688000,2617850000,-946000,83819000,387000,369530000,136854000,,,,,,,,,,
2016-12-31,185896000,1.62,-3441000,0,-5319000,19564000,178583333,195721000,41875000,-377104000,2710711000,860531000,4588386000,1.6,86167000,0,112000,36556000,18312000,-31911000,2698927000,2077000,289305000,151911000,828255000,-150346000,265000,4935461000,-1535000,676344000,19207000,296850000,166052000,4664853000,289305000,-428352000,7369330000,75521000,-3218616000,51683000,-1328937000,2710711000,2433869000,510929000,115717000,,480623000,180815625,1079000,73819000,0,7545000,36556000,50952000,36556000,9577000,870810000,,289305000,710185000,514370000,4850734000,506000,84727000,50090000,592300000,2780944000,,,,,,,,,,
2017-12-31,217068000,1.8,-3256000,0,-7502000,25411000,211443333,200636000,36556000,-335112000,2637639000,918208000,4558737000,1.79,87156000,,,29054000,15636000,,-606911000,2127000,380598000,165153000,971307000,-169767000,244000,4788635000,-561000,806154000,-324000,390385000,232023000,4441650000,380598000,-529370000,7246882000,75521000,698000,86272000,-1477709000,2637639000,2458247000,595455000,123835000,,605518000,212751346,715000,78997000,0,9787000,29054000,51963000,29054000,9577000,139414000,,380598000,748441000,598711000,4700558000,-421000,88077000,58675000,720933000,2688145000,,,,,,,,,,
2018-12-31,247684000,1.59,-4304000,,-3271000,26059000,213532075,236579000,29054000,-1164117000,,774091000,8203859000,1.58,99486000,-62927000,,25783000,11152000,-34310000,852080000,2142000,339516000,165884000,1055727000,-191644000,261000,6311686000,-522000,889843000,18631000,344480000,293911000,5853497000,339516000,-550435000,8577293000,16067000,-1509784000,-265225000,-1689038000,0,2265607000,650129000,148365000,,653264000,214779296,2511000,74055000,,4964000,25783000,92568000,25783000,9577000,0,,339516000,774091000,654433000,6173728000,1796000,137958000,67486000,729257000,373434000,,,,,,,,,,
2019-12-31,301520000,1.82,-3017000,,1040000,26651000,214769780,348350000,25783000,-1477949000,,1144422000,8099563000,1.81,107915000,-34014000,,26823000,16198000,-38221000,-746445000,2147000,390881000,74700000,1153473000,-211608000,279000,6360053000,-755000,1078773000,4872000,395645000,328485000,5736973000,390881000,-589128000,8434298000,16067000,-2817000,,-1887285000,,2074245000,747285000,258971000,,730423000,215786023,1006000,46029000,,4764000,26823000,80755000,,9577000,,,390305000,932814000,750302000,6277348000,-1505000,82705000,34494000,956136000,334735000,,,,,,,,,,