date,annualPretaxIncome,annualNetIncome,annualPurchaseOfInvestment,annualAccountsReceivable,annualLongTermDebt,annualDilutedAverageShares,annualGoodwill,annualSaleOfInvestment,annualIncomeTaxPayable,annualStockholdersEquity,annualOtherNonCashItems,annualDilutedEPS,annualInvestingCashFlow,annualOperatingIncome,annualRetainedEarnings,annualTotalAssets,annualBasicAverageShares,annualDepreciationAndAmortization,annualCashFlowFromContinuingFinancingActivities,annualEndCashPosition,annualNetPPE,annualOperatingCashFlow,annualTotalNonCurrentLiabilitiesNetMinorityInterest,annualAccountsPayable,annualChangeInAccountPayable,annualCurrentLiabilities,annualOtherIntangibleAssets,annualCommonStockIssuance,annualInvestmentsAndAdvances,annualRepurchaseOfCapitalStock,annualOtherNonCurrentLiabilities,annualEbitda,annualOtherNonCurrentAssets,annualGainsLossesNotAffectingRetainedEarnings,annualNetOtherInvestingChanges,annualCashAndCashEquivalents,annualCashCashEquivalentsAndMarketableSecurities,annualInterestExpense,annualChangesInAccountReceivables,annualBeginningCashPosition,annualCurrentAssets,annualGrossPPE,annualDeferredIncomeTax,annualNetIncomeCommonStockholders,annualSellingGeneralAndAdministration,annualAccumulatedDepreciation,annualRepaymentOfDebt,annualOtherIncomeExpense,annualOtherCurrentLiabilities,annualChangeInCashSupplementalAsReported,annualCapitalExpenditure,annualCurrentAccruedExpenses,annualTaxProvision,annualCurrentDebt,annualInventory,annualCapitalStock,annualCurrentDeferredRevenue,annualCostOfRevenue,annualOtherCurrentAssets,annualBasicEPS,annualTotalRevenue,annualTotalNonCurrentAssets,annualGrossProfit,annualFreeCashFlow,annualStockBasedCompensation,annualNetOtherFinancingCharges,annualPurchaseOfBusiness,annualNetIncomeContinuousOperations,annualChangeInWorkingCapital,annualOperatingExpense,annualNonCurrentDeferredTaxesLiabilities,annualTotalLiabilitiesNetMinorityInterest,annualChangeInInventory,annualNonCurrentDeferredRevenue,annualResearchAndDevelopment,annualCashDividendsPaid,annualOtherShortTermInvestments
2000-12-31,-241000,-878000,,,,140480000,,,,155230000,-10925000.0,-0.00625,-8308000.0,4615000,,233203000,140480000,7541000.0,14928000.0,,,-3384000.0,,,,,,,,,,12156000,,,-8308000.0,,,,,,,,,-878000,21889000,,,-4856000,,,,,637000.0,,,,,119313000,,-0.00625,226304000,,106991000,-3384000.0,,14928000.0,,-878000,,102376000,,77973000,,,,,
2001-12-31,8169000,4230000,,,,153818182,,,,160105000,,0.0275,,13112000,,227217000,141000000,,,,,,,,,,,,,,,21009000,,,,,,,,,,,,4230000,64259000,,,-4943000,,,,,,,,,,132520000,,0.03,250462000,,117942000,,,,,4230000,,104830000,,67112000,,,,,
2002-12-31,18268204,-38893596,,18592232.0,27755797.0,155190096,,,,121129053,,-0.275,-6746250.0,20844230,-34008651.0,176746673,141230336,5013840.0,-11996765.0,584477.0,39861133.0,17740453.0,31883594.0,4535537.0,,23734026.0,49327638.0,43652.0,,-103200.0,4127797.0,25858070,1441687.0,470002.0,0.0,584477.0,584477.0,2913349.0,,1587039.0,74403615.0,56019746.0,1118000.0,-38893596,106693426,-16158613.0,,171744,108392.0,-1002562.0,-6851573.0,11277284.0,7263000.0,6449438.0,53778506.0,176449.0,1363375.0,154573805,0.0,-0.275,287125301,102343058.0,132551496,10888880.0,,0.0,,11005204,332261.0,111707266,,55617620,-1161067.0,,,,
2003-12-31,24152762,14575762,,22542049.0,2444118.0,145757620,,,,174010606,,0.1,-12222061.0,26059172,-19432889.0,203153908,129562329,5446104.0,6769765.0,16081525.0,43892930.0,20949344.0,7622229.0,6831288.0,,21521073.0,50846271.0,59632216.0,,-22902486.0,5178111.0,31505276,4153572.0,1646462.0,0.0,16081525.0,16081525.0,2074270.0,,584477.0,95705435.0,64935182.0,2328000.0,14575762,122230885,-21042252.0,,116469,0.0,15497048.0,-9097244.0,11106939.0,9577000.0,1553274.0,54003694.0,194768.0,2029572.0,174237836,0.0,0.1125,327973997,107448473.0,153736161,11852100.0,,210800.0,,14575762,-1329832.0,127676989,,29143302,544715.0,,,,
2004-12-31,33856887,20572887,-650000.0,28304776.0,49944666.0,178894670,,,,204071051,,0.115,-87823382.0,34907032,1139998.0,288275109,159789414,6871858.0,47452104.0,1611696.0,70730186.0,25901449.0,54640729.0,8423676.0,,29563329.0,100364047.0,4942240.0,,,4696063.0,41778890,5117575.0,1240680.0,-5756.0,1611696.0,1611696.0,1551397.0,,16081525.0,107441801.0,97033463.0,3487000.0,20572887,155836915,-26303277.0,,455200,1250744.0,-14469829.0,-25669677.0,16970065.0,13284000.0,317026.0,74150400.0,205654.0,2601818.0,227140195,0.0,0.12875,424756000,180833308.0,197615805,231772.0,,-249275.0,,20572887,-5556927.0,162708773,,84204058,-5174889.0,,,,
2005-12-31,51683000,30887000,,39500000.0,45996000.0,196107937,,433000.0,,341220000,,0.1575,-126022000.0,52942000,32027000.0,439426000,176497143,8574000.0,90050000.0,3173000.0,97218000.0,37533000.0,50645000.0,15496000.0,,47561000.0,181880000.0,99695000.0,,,4032000.0,61516000,6845000.0,1375000.0,2707000.0,3173000.0,3173000.0,2228000.0,,1612000.0,151337000.0,132347000.0,1667000.0,30887000,196088000,-35129000.0,,628000,3430000.0,1561000.0,-26218000.0,23714000.0,20796000.0,1481000.0,103655000.0,514000.0,3440000.0,289788000,0.0,0.175,547392000,288089000.0,257604000,11315000.0,,-302000.0,,30887000,-3143000.0,204662000,,98206000,-8554000.0,,,,
2006-12-31,72821000,44395000,,49254000.0,91962000.0,221975000,246232000.0,848000.0,,401202000,-4640000.0,0.2,-110657000.0,77166000,76422000.0,564355000,211404762,12086000.0,59134000.0,4031000.0,127084000.0,52381000.0,101759000.0,19192000.0,,61394000.0,68000.0,6262000.0,,,7332000.0,89252000,7157000.0,1058000.0,-2111000.0,4031000.0,4031000.0,5955000.0,,3173000.0,183814000.0,170153000.0,3618000.0,44395000,268560000,-43069000.0,,1479000,354000.0,858000.0,-36152000.0,29504000.0,28426000.0,8485000.0,124541000.0,533000.0,3859000.0,431832000,0.0,0.21,789381000,380541000.0,357549000,16229000.0,,7101000.0,,44395000,-2339000.0,280383000,1848000.0,163153000,-8671000.0,,,,
2007-12-31,108271000,65901000,,125572000.0,641526000.0,239640000,825881000.0,,,849777000,-15794000.0,0.275,-905821000.0,123045000,142039000.0,1692655000,227244828,18018000.0,921629000.0,74241000.0,217059000.0,54369000.0,679055000.0,68871000.0,,163823000.0,74951000.0,361609000.0,,-1125000.0,11922000.0,141063000,21472000.0,619000.0,0.0,74241000.0,74241000.0,17758000.0,,4031000.0,553292000.0,270967000.0,4304000.0,65901000,365605000,-53908000.0,,1238000,0.0,70210000.0,-38401000.0,73172000.0,42370000.0,16936000.0,320238000.0,1341000.0,4844000.0,621076000,0.0,0.29,1126825000,1139363000.0,505749000,15968000.0,,6425000.0,,65901000,-17922000.0,382704000,25607000.0,842878000,-35134000.0,,,,
2008-12-31,163588000,99899000,,148422000.0,620940000.0,282046000,923807000.0,,,1020506000,-4640000.0,0.355,-138910000.0,206285000,241938000.0,1881804000,272976000,33421000.0,11793000.0,79067000.0,258956000.0,132961000.0,694085000.0,65411000.0,,167213000.0,71150000.0,10402000.0,,,29627000.0,239706000,18973000.0,-13764000.0,0.0,79067000.0,79067000.0,37846000.0,,74241000.0,608918000.0,336496000.0,13535000.0,99899000,619690000,-77540000.0,,-7160000,0.0,4826000.0,-66908000.0,75135000.0,63689000.0,21934000.0,332756000.0,1399000.0,4733000.0,1080632000,0.0,0.365,1937301000,1272886000.0,856669000,66053000.0,,12328000.0,,99899000,-10197000.0,650384000,43518000.0,861298000,4232000.0,,,,
2009-12-31,205317000,127521000,,,592982000.0,287980000,938783000.0,,,1179434000,6674000.0,0.445,-102494000.0,234002000,369459000.0,2020121000,281082000,38062000.0,-33165000.0,108906000.0,289902000.0,164002000.0,672206000.0,51300000.0,-18067000.0,168481000.0,67239000.0,0.0,,,27015000.0,274278000,21329000.0,-7397000.0,0.0,108906000.0,108906000.0,30899000.0,,79067000.0,702868000.0,397861000.0,5882000.0,127521000,659698000,-107959000.0,-51040000.0,2214000,3832000.0,29839000.0,-55870000.0,94027000.0,78180000.0,10063000.0,385686000.0,1420000.0,9259000.0,1120129000,9720000.0,0.455,2047942000,1317253000.0,927813000,108132000.0,7283000.0,9628000.0,-65171000.0,127137000,-3529000.0,693811000,52209000.0,840687000,-20428000.0,,,,
2010-12-31,270125000,169071000,,,548066000.0,291714000,1032973000.0,,,1414161000,169024000.0,0.58,-191583000.0,298545000,538530000.0,2299509000,286542000,41428000.0,18962000.0,95689000.0,331312000.0,159183000.0,660027000.0,76437000.0,10156000.0,225321000.0,1102275000.0,,,,45902000.0,339869000,29046000.0,4378000.0,0.0,95689000.0,95689000.0,28316000.0,,108906000.0,836876000.0,473713000.0,8963000.0,169071000,756939000,-142401000.0,-9581000.0,-104000,2744000.0,-13217000.0,-61438000.0,84028000.0,103007000.0,52888000.0,492688000.0,1455000.0,9224000.0,1376401000,0.0,0.59,2469881000,1462633000.0,1093480000,97745000.0,9974000.0,14581000.0,-143578000.0,167118000,-55206000.0,794935000,66059000.0,885348000,-67795000.0,,,,
2011-12-31,335771000,210264000,,,926552000.0,296750000,1476063000.0,,,1644085000,209462000.0,0.71,-571607000.0,369073000,748794000.0,3199704000,292252000,54505000.0,311411000.0,48247000.0,424098000.0,211772000.0,1157926000.0,210875000.0,28589000.0,397693000.0,1584973000.0,,,,142578000.0,412723000,40898000.0,-8961000.0,0.0,48247000.0,48247000.0,22447000.0,,95689000.0,1149735000.0,604048000.0,9302000.0,210264000,972991000,-179950000.0,-1058802000.0,-10855000,26269000.0,-47442000.0,-86416000.0,131025000.0,125507000.0,29524000.0,736846000.0,1470000.0,,1877869000,0.0,0.72,3269862000,2049969000.0,1391993000,125356000.0,5134000.0,-3075000.0,-486934000.0,210264000,-73989000.0,1022920000,88796000.0,1555619000,-90091000.0,,,,
2012-12-31,409167000,261225000,,311808000.0,1046762000.0,300693000,1690284000.0,,2748000.0,1964094000,4515000.0,0.87,-352534000.0,440704000,1010019000.0,3723456000,295810000,70165000.0,157072000.0,59770000.0,494379000.0,206190000.0,1271418000.0,219335000.0,-15097000.0,487944000.0,106715000.0,,,,122381000.0,510761000,47727000.0,759000.0,0.0,59770000.0,59770000.0,31429000.0,-12813000.0,48247000.0,1384351000.0,725509000.0,4222000.0,261225000,871426000,-231130000.0,-878102000.0,-4394000,59323000.0,11523000.0,-88255000.0,134822000.0,147942000.0,71716000.0,900803000.0,2978000.0,,2398790000,0.0,0.88,4122930000,2339105000.0,1724140000,117935000.0,15634000.0,-7600000.0,-265336000.0,261225000,-133834000.0,1283436000,102275000.0,1759362000,-95042000.0,,,,
2013-12-31,475827000,311623000,-9136000.0,458094000.0,1264246000.0,304131000,1937444000.0,,17440000.0,2350745000,9630000.0,1.02,-505606000.0,540353000,1321642000.0,4518774000,299574000,86463000.0,165941000.0,150488000.0,546651000.0,428056000.0,1490076000.0,349069000.0,49641000.0,677953000.0,153739000.0,,,,92008000.0,613474000,81123000.0,20011000.0,0.0,150488000.0,150488000.0,51184000.0,-44670000.0,59770000.0,1799817000.0,840834000.0,4279000.0,311623000,1028999000,-294183000.0,-931523000.0,-15472000,71140000.0,90718000.0,-90186000.0,198769000.0,164204000.0,41535000.0,1076952000.0,3008000.0,,2987126000,0.0,1.04,5062528000,2718957000.0,2075402000,337870000.0,22036000.0,1408000.0,-417520000.0,311623000,12373000.0,1535049000,133822000.0,2168029000,-69222000.0,,,,
2014-12-31,587888000,381519000,,601422000.0,1801047000.0,306045000,2288895000.0,,,2720657000,6593000.0,1.25,-920994000.0,664674000,1703161000.0,5573492000,302343000,125437000.0,519003000.0,114605000.0,629987000.0,370897000.0,2102139000.0,400202000.0,-5474000.0,750696000.0,245525000.0,,,,119430000.0,777867000,91668000.0,-40225000.0,-4123000.0,114605000.0,114605000.0,64542000.0,-61739000.0,150488000.0,2317417000.0,1004278000.0,6242000.0,381519000,1340229000,-374291000.0,-1155594000.0,-12244000,36815000.0,-35883000.0,-140950000.0,250164000.0,204264000.0,63515000.0,1433847000.0,3035000.0,,4088151000,0.0,1.26,6740064000,3256075000.0,2651913000,229947000.0,22021000.0,13321000.0,-775921000.0,381519000,-153101000.0,1987239000,181662000.0,2852835000,-122590000.0,,,,
2015-12-31,649030000,423223000,,590160000.0,1528668000.0,307496000,2319246000.0,,,3114682000,7348000.0,1.38,-329993000.0,724138000,2126384000.0,5647837000,304722000,128192000.0,-224092000.0,87397000.0,696567000.0,529837000.0,1781185000.0,415588000.0,-4222000.0,751970000.0,215117000.0,,,,125278000.0,835082000,76195000.0,-105470000.0,1014000.0,87397000.0,87397000.0,57860000.0,14704000.0,114605000.0,2340712000.0,1134513000.0,22388000.0,423223000,1431230000,-437946000.0,-239027000.0,-17248000,31596000.0,-27208000.0,-170490000.0,248752000.0,219703000.0,56034000.0,1556552000.0,3055000.0,,4359104000,0.0,1.39,7192633000,3307125000.0,2833529000,359347000.0,21336000.0,6767000.0,-160517000.0,423223000,-58205000.0,2109391000,127239000.0,2533155000,-83188000.0,,,,
2016-12-31,677281000,463975000,-185671000.0,860549000.0,3275662000.0,309784000,3054769000.0,,,3442949000,19550000.0,1.5,-1709928000.0,801160000,2590359000.0,8303199000,306897000,206086000.0,1225737000.0,227400000.0,811576000.0,635014000.0,3649465000.0,633773000.0,18577000.0,1210785000.0,584231000.0,,183467000.0,,174146000.0,971630000,101562000.0,-267175000.0,32156000.0,227400000.0,227400000.0,88263000.0,-50801000.0,87397000.0,3567594000.0,1307220000.0,-16162000.0,463975000,1670192000,-495644000.0,-2648359000.0,-37863000,183047000.0,147119000.0,-207074000.0,288308000.0,220566000.0,66109000.0,1935237000.0,3075000.0,,5232328000,456640000.0,1.51,8584031000,4735605000.0,3351703000,427940000.0,22472000.0,-22428000.0,-1535010000.0,456123000,-87685000.0,2550543000,199657000.0,4860250000,-64114000.0,,,,
2017-12-31,766627000,533744000,,1027106000.0,3277620000.0,310649000,3536511000.0,,,4198169000,1301000.0,1.71,-384595000.0,866990000,3124103000.0,9366872000,308607000,230203000.0,-112567000.0,279766000.0,913089000.0,518900000.0,3837495000.0,788613000.0,45136000.0,1322724000.0,743769000.0,,208404000.0,,307516000.0,1098470000,142965000.0,-70476000.0,13950000.0,279766000.0,279766000.0,101640000.0,-55979000.0,234516000.0,3822134000.0,1519201000.0,-46537000.0,533744000,1915699000,-606112000.0,-985606000.0,-16258000,45727000.0,45250000.0,-179090000.0,362024000.0,235560000.0,126360000.0,2380783000.0,3091000.0,,5937286000,0.0,1.72,9736909000,5544738000.0,3799623000,339810000.0,22832000.0,-4553000.0,-520752000.0,536974000,-226509000.0,2932633000,252359000.0,5160219000,-203857000.0,,,,
2018-12-31,743431000,480118000,,1154083000.0,4188674000.0,315849000,4381458000.0,,,4782298000,9534000.0,1.53,-1458939000.0,947913000,3598876000.0,11393402000,314428000,294077000.0,882995000.0,337250000.0,1220162000.0,710739000.0,4864302000.0,942398000.0,-77621000.0,1690348000.0,928752000.0,,179169000.0,-60000000.0,364194000.0,1183885000,162912000.0,-174950000.0,38724000.0,331761000.0,331761000.0,146377000.0,241000.0,279766000.0,4520949000.0,1905913000.0,-2180000.0,480118000,3352731000,-685751000.0,-1950508000.0,-64604000,61109000.0,57484000.0,-250027000.0,565015000.0,191395000.0,121826000.0,2836075000.0,3184000.0,,7301817000,,1.54,11876674000,6872453000.0,4574857000,460712000.0,22760000.0,-21345000.0,-1275295000.0,487565000,-199691000.0,3626944000,311434000.0,6554650000,-127153000.0,,,,
