date,annualCurrentAssets,annualInterestExpense,annualBeginningCashPosition,annualChangesInAccountReceivables,annualGrossPPE,annualOtherNonCurrentAssets,annualEbitda,annualDeferredIncomeTax,annualSellingGeneralAndAdministration,annualNetIncomeCommonStockholders,annualAccumulatedDepreciation,annualBasicEPS,annualRepaymentOfDebt,annualChangeInCashSupplementalAsReported,annualCurrentAccruedExpenses,annualCapitalExpenditure,annualOtherCurrentLiabilities,annualTaxProvision,annualCurrentDeferredRevenue,annualStockBasedCompensation,annualCapitalStock,annualCurrentDebt,annualOtherCurrentAssets,annualOtherNonCashItems,annualNetOtherFinancingCharges,annualGrossProfit,annualTotalNonCurrentAssets,annualTotalLiabilitiesNetMinorityInterest,annualNonCurrentDeferredTaxesLiabilities,annualOperatingExpense,annualBasicAverageShares,annualPurchaseOfBusiness,annualFreeCashFlow,annualCostOfRevenue,annualNetIncomeContinuousOperations,annualNetIncome,annualPretaxIncome,annualGoodwill,annualTotalAssets,annualLongTermDebt,annualCashDividendsPaid,annualAccountsReceivable,annualChangeInWorkingCapital,annualSaleOfInvestment,annualCommonStockIssuance,annualOtherShortTermInvestments,annualStockholdersEquity,annualOperatingIncome,annualDepreciationAndAmortization,annualTotalRevenue,annualPurchaseOfInvestment,annualInvestingCashFlow,annualRetainedEarnings,annualCashFlowFromContinuingFinancingActivities,annualEndCashPosition,annualTotalNonCurrentLiabilitiesNetMinorityInterest,annualOperatingCashFlow,annualAccountsPayable,annualOtherIncomeExpense,annualNetPPE,annualOtherIntangibleAssets,annualCurrentLiabilities,annualChangeInAccountPayable,annualInvestmentsAndAdvances,annualIncomeTaxPayable,annualRepurchaseOfCapitalStock,annualCashCashEquivalentsAndMarketableSecurities,annualOtherNonCurrentLiabilities,annualDilutedAverageShares,annualCashAndCashEquivalents,annualGainsLossesNotAffectingRetainedEarnings,annualDilutedEPS,annualNetOtherInvestingChanges,annualInventory,annualResearchAndDevelopment,annualNonCurrentDeferredRevenue,annualChangeInInventory
1998-12-31,,,,,,,18254000.0,,,24183000.0,,0.034,,,,,,,,,,,,,,,,614395000,,1071458000.0,711264706.0,,,,24183000.0,24183000.0,,,871643000,82419000.0,,,,,,,257248000,18254000.0,,1089712000.0,,,,,,,,,,,,,,,,,,,711264706.0,,,0.034,,,,,
2000-12-31,,,,,,,178020000.0,,,118149000.0,,0.165,,,,,,,,,,,,,,,,724652000,,1267389000.0,716054545.0,,,,118149000.0,118149000.0,,,1187060000,82992000.0,,,,,,,462408000,178020000.0,,1445409000.0,,,,,,,,,,,,,,,,,,,716054545.0,,,0.165,,,,,
2001-12-31,1117963000.0,9548000.0,193304000.0,-32970000.0,159742000.0,50811000.0,312460000.0,-2725000.0,1319659000.0,142061000.0,,0.198,,-17161000.0,353194000.0,-107562000.0,176339000.0,90878000.0,,,0.0,9531000.0,695316000.0,14622000.0,0.0,,368342000.0,879644000,0.0,1389632000.0,717100000.0,0.0,88934000.0,,142061000.0,142061000.0,232939000.0,7141000.0,1486305000,80065000.0,,180510000.0,-27435000.0,115439000.0,,,606661000,221702000.0,69973000.0,1611334000.0,-251205000.0,-219100000.0,602724000.0,5443000.0,176143000.0,229673000.0,196496000.0,110907000.0,-2864000.0,159742000.0,84113000.0,649971000.0,-21652000.0,,,,176143000.0,149608000.0,717100000.0,176143000.0,3937000.0,0.198,24228000.0,,,,
2002-12-31,1455638000.0,9891000.0,176143000.0,,226720000.0,98536000.0,232502000.0,4429000.0,1659309000.0,116429000.0,,0.135,,160331000.0,486436000.0,-101365000.0,271066000.0,41959000.0,,,1000000.0,0.0,822820000.0,8651000.0,,,805237000.0,1236181000,67445000.0,1749814000.0,862437037.0,,204407000.0,,116429000.0,116429000.0,158388000.0,152941000.0,2260875000,80107000.0,,198855000.0,85758000.0,186980000.0,,,1023406000,141997000.0,90505000.0,1891811000.0,-233437000.0,-111855000.0,26529000.0,-34893000.0,336474000.0,306437000.0,305772000.0,172242000.0,26282000.0,226720000.0,285703000.0,929744000.0,,,,,336474000.0,158885000.0,862437037.0,336474000.0,28509000.0,0.135,4724000.0,,,,
2003-12-31,1609850000.0,62936000.0,336474000.0,-48799000.0,546779000.0,96975000.0,-429033000.0,-240666000.0,2713162000.0,-385793000.0,-288259000.0,-0.386,,37695000.0,555165000.0,-143470000.0,431089000.0,-220778000.0,,,1000000.0,,287198000.0,5750000.0,,,1291055000.0,2197564000,64125000.0,2832713000.0,1000000000.0,0.0,46975000.0,,-390742000.0,-385793000.0,-611520000.0,187881000.0,2900905000,229574000.0,,259429000.0,691603000.0,232578000.0,,536341000.0,698721000,-601862000.0,119551000.0,2230851000.0,-249057000.0,-161683000.0,-359264000.0,0.0,374169000.0,1008706000.0,190445000.0,202604000.0,17876000.0,258520000.0,327630000.0,1188858000.0,21566000.0,196141000.0,,,910510000.0,715007000.0,1000000000.0,374169000.0,89617000.0,-0.386,-1734000.0,,,,
2004-12-31,1902796000.0,69722000.0,248119000.0,,572235000.0,337855000.0,469989000.0,40845000.0,2101688000.0,238060000.0,-329877000.0,0.238,,80877000.0,648019000.0,-78155000.0,466308000.0,85640000.0,,,1000000.0,,351241000.0,,,2593330000.0,1361874000.0,2285098000,73227000.0,2246658000.0,1000252101.0,,265640000.0,,238060000.0,238060000.0,323700000.0,217654000.0,3264670000,229569000.0,,293292000.0,-70394000.0,2032275000.0,,808893000.0,974952000,346672000.0,123317000.0,2593330000.0,-2194931000.0,-274514000.0,-121204000.0,0.0,328996000.0,983736000.0,343795000.0,187035000.0,-23604000.0,242358000.0,328984000.0,1301362000.0,,,,,1137889000.0,680940000.0,1000252101.0,328996000.0,127788000.0,0.238,-3842000.0,,,,
2005-12-31,2227898000.0,70158000.0,328996000.0,,603933000.0,546443000.0,503120000.0,-54036000.0,2359350000.0,266719000.0,-373319000.0,0.267,,216277000.0,850657000.0,-82003000.0,521025000.0,140619000.0,,,1000000.0,,431043000.0,,,2937628000.0,1472646000.0,2526776000,61188000.0,2544444000.0,1000000000.0,,190845000.0,,266719000.0,266719000.0,407338000.0,196701000.0,3700544000,229489000.0,,347754000.0,-61953000.0,2883709000.0,,736619000.0,1169148000,393184000.0,109936000.0,2937628000.0,-2834321000.0,-33655000.0,145515000.0,0.0,545273000.0,970073000.0,272848000.0,185021000.0,-51713000.0,230614000.0,273854000.0,1556703000.0,,,,,1281892000.0,679396000.0,1000000000.0,545273000.0,49014000.0,0.267,-1040000.0,,,,
2006-12-31,3577229000.0,61151000.0,545273000.0,,473451000.0,547342000.0,329277000.0,32267000.0,2557055000.0,50190000.0,-220720000.0,0.037,,639807000.0,936427000.0,-94468000.0,596507000.0,243982000.0,,,14000.0,,89348000.0,413966000.0,0.0,3326074000.0,1505241000.0,2713491000,66198000.0,3096579000.0,1354110000.0,,555693000.0,,50190000.0,50190000.0,294172000.0,217013000.0,5082470000,229668000.0,-12373000.0,451261000.0,44210000.0,3233725000.0,2449910000.0,1298841000.0,2364359000,229495000.0,99782000.0,3326074000.0,-3815115000.0,-676226000.0,-1029196000.0,637600000.0,1185080000.0,901901000.0,650161000.0,278656000.0,-414020000.0,252731000.0,271373000.0,1811590000.0,,,,-1799937000.0,2483921000.0,606035000.0,1357790000.0,1185080000.0,103662000.0,0.037,-368000.0,,,,
2007-12-31,4591741000.0,57277000.0,1185080000.0,,541088000.0,554573000.0,1205754000.0,-5492000.0,2838445000.0,1085886000.0,-250888000.0,0.805,,474215000.0,1071557000.0,-156422000.0,959394000.0,585546000.0,,,14000.0,80000000.0,78258000.0,-312754000.0,15430000.0,4067599000.0,1668300000.0,3228114000,71278000.0,2959487000.0,1348870000.0,,613439000.0,,1085886000.0,1085886000.0,1671432000.0,239626000.0,6260041000,149824000.0,-74002000.0,532633000.0,-110542000.0,4042011000.0,1597000.0,1310687000.0,3027307000,1108112000.0,97642000.0,4067599000.0,-3578357000.0,315141000.0,37699000.0,-657507000.0,1659295000.0,864772000.0,769861000.0,252391000.0,456346000.0,290200000.0,320758000.0,2363342000.0,,,,-600532000.0,2969982000.0,643670000.0,1356950000.0,1659295000.0,277746000.0,0.8,7909000.0,,,,
2008-12-31,4311507000.0,103600000.0,1659295000.0,-115687000.0,585067000.0,762774000.0,-167607000.0,-483952000.0,2931254000.0,-253915000.0,-278269000.0,-0.195,-80000000.0,-154135000.0,1032061000.0,-170273000.0,1014431000.0,-129298000.0,,60970000.0,14000.0,149380000.0,215864000.0,85706000.0,57349000.0,4991600000.0,2164342000.0,4539254000,74518000.0,5526105000.0,1301480000.0,-81731000.0,242955000.0,0.0,-253915000.0,-253915000.0,-383213000.0,297993000.0,6475849000,19387000.0,-79259000.0,1152673000.0,1074574000.0,976743000.0,0.0,742095000.0,1927355000,-534505000.0,112006000.0,4991600000.0,-519514000.0,201651000.0,-236100000.0,-751378000.0,1505160000.0,1548803000.0,413228000.0,794579000.0,254892000.0,306798000.0,394282000.0,2990451000.0,8425000.0,229210000.0,,-649468000.0,2247255000.0,1454898000.0,1301480000.0,1505160000.0,108837000.0,-0.195,-3574000.0,,,,
2009-12-31,5003147000.0,115109000.0,1505160000.0,176918000.0,752753000.0,184301000.0,2474537000.0,336704000.0,2697199000.0,1462532000.0,-303759000.0,1.119,-149380000.0,550279000.0,1831476000.0,-139360000.0,567665000.0,755427000.0,,88430000.0,14000.0,0.0,124915000.0,45763000.0,39025000.0,5098684000.0,2467132000.0,3958412000,79728000.0,2838576000.0,1298380000.0,-2913000.0,1238802000.0,0.0,1462624000.0,1462532000.0,2218051000.0,309228000.0,7470279000,21598000.0,-78685000.0,995645000.0,-674141000.0,134177000.0,,824345000.0,3503760000,2260108000.0,141377000.0,5098684000.0,-650280000.0,-664180000.0,1147714000.0,-184940000.0,2055439000.0,791281000.0,1378162000.0,767990000.0,73052000.0,448994000.0,414704000.0,3167131000.0,-31397000.0,517784000.0,,-4620000.0,2879784000.0,426719000.0,1302320000.0,2055439000.0,193678000.0,1.116,-5804000.0,,,,
2010-12-31,6454000000.0,52000000.0,2055000000.0,-176000000.0,771000000.0,225000000.0,2957000000.0,248000000.0,2639000000.0,1846000000.0,-332000000.0,1.41,0.0,1012000000.0,1613000000.0,-151000000.0,622000000.0,910000000.0,,63000000.0,0.0,,85000000.0,-89000000.0,87000000.0,5539000000.0,2383000000.0,3621000000,74000000.0,2787000000.0,1310000000.0,-498000000.0,1546000000.0,0.0,1847000000.0,1846000000.0,2757000000.0,677000000.0,8837000000,0.0,-79000000.0,1147000000.0,-439000000.0,407000000.0,,1131000000.0,5205000000,2752000000.0,148000000.0,5539000000.0,-329000000.0,-641000000.0,2915000000.0,19000000.0,3067000000.0,478000000.0,1697000000.0,908000000.0,57000000.0,439000000.0,530000000.0,3143000000.0,167000000.0,142000000.0,,0.0,4198000000.0,400000000.0,1310000000.0,3067000000.0,95000000.0,1.405,-70000000.0,,,,
2011-12-31,7741000000.0,25000000.0,3067000000.0,-276000000.0,819000000.0,630000000.0,2965000000.0,-175000000.0,3037000000.0,1906000000.0,-370000000.0,1.49,-21000000.0,667000000.0,2380000000.0,-177000000.0,778000000.0,842000000.0,,80000000.0,0.0,,636000000.0,-14000000.0,12000000.0,6714000000.0,2952000000.0,4816000000,113000000.0,4001000000.0,1280000000.0,-534000000.0,2507000000.0,0.0,1904000000.0,1906000000.0,2746000000.0,1014000000.0,10693000000,,-77000000.0,808000000.0,707000000.0,848000000.0,,1215000000.0,5868000000,2713000000.0,194000000.0,6714000000.0,-899000000.0,-748000000.0,4745000000.0,-1215000000.0,3734000000.0,599000000.0,2684000000.0,360000000.0,6000000.0,449000000.0,665000000.0,4217000000.0,141000000.0,106000000.0,,-1148000000.0,4949000000.0,486000000.0,1280000000.0,3734000000.0,-2000000.0,1.485,14000000.0,,,,
2012-12-31,9357000000.0,20000000.0,3734000000.0,-621000000.0,858000000.0,809000000.0,4182000000.0,199000000.0,3204000000.0,2759000000.0,-386000000.0,2.202,0.0,-1682000000.0,2474000000.0,-218000000.0,1011000000.0,1174000000.0,,42000000.0,0.0,,183000000.0,53000000.0,51000000.0,7391000000.0,3105000000.0,5533000000,104000000.0,3434000000.0,1250000000.0,-188000000.0,2730000000.0,0.0,2758000000.0,2759000000.0,3932000000.0,1092000000.0,12462000000,,-132000000.0,2042000000.0,-334000000.0,1281000000.0,,2951000000.0,6917000000,3957000000.0,230000000.0,7391000000.0,-2981000000.0,-2839000000.0,7354000000.0,-1798000000.0,2052000000.0,627000000.0,2948000000.0,357000000.0,-5000000.0,472000000.0,672000000.0,4906000000.0,346000000.0,281000000.0,,-1748000000.0,5003000000.0,523000000.0,1260000000.0,2052000000.0,61000000.0,2.194,-733000000.0,,,,
2013-12-31,10950000000.0,14000000.0,2052000000.0,-236000000.0,920000000.0,902000000.0,4772000000.0,-119000000.0,3490000000.0,3116000000.0,-394000000.0,0.257,,1547000000.0,2987000000.0,-299000000.0,1274000000.0,1384000000.0,911000000.0,63000000.0,0.0,,911000000.0,67000000.0,8000000.0,8346000000.0,3292000000.0,6747000000,117000000.0,3748000000.0,12110000000.0,-20000000.0,3836000000.0,0.0,3116000000.0,3116000000.0,4500000000.0,1122000000.0,14242000000,,-255000000.0,2317000000.0,750000000.0,2845000000.0,,2696000000.0,7484000000,4598000000.0,258000000.0,8346000000.0,-2526000000.0,-4000000.0,10121000000.0,-2629000000.0,3599000000.0,715000000.0,4135000000.0,338000000.0,-84000000.0,526000000.0,672000000.0,6032000000.0,302000000.0,240000000.0,,-2443000000.0,6295000000.0,598000000.0,12150000000.0,3599000000.0,178000000.0,0.256,-4000000.0,,,,
2014-12-31,10997000000.0,48000000.0,3599000000.0,21000000.0,1052000000.0,1385000000.0,5448000000.0,-91000000.0,4046000000.0,3617000000.0,-437000000.0,3.11,,1538000000.0,3210000000.0,-334000000.0,1451000000.0,1462000000.0,950000000.0,-15000000.0,0.0,,244000000.0,743000000.0,4000000.0,9473000000.0,4332000000.0,8505000000,115000000.0,4367000000.0,1165000000.0,-525000000.0,3073000000.0,0.0,3617000000.0,3617000000.0,5079000000.0,1522000000.0,15329000000,1494000000.0,-515000000.0,2161000000.0,-1168000000.0,3835000000.0,,1168000000.0,6790000000,5106000000.0,321000000.0,9473000000.0,-2385000000.0,690000000.0,13169000000.0,-2339000000.0,5137000000.0,2283000000.0,3407000000.0,419000000.0,21000000.0,615000000.0,714000000.0,6222000000.0,-104000000.0,245000000.0,,-3386000000.0,6305000000.0,674000000.0,1169000000.0,5137000000.0,-260000000.0,3.1,99000000.0,,,,
2015-12-31,10985000000.0,61000000.0,5137000000.0,-133000000.0,1166000000.0,1598000000.0,5385000000.0,-16000000.0,4162000000.0,3808000000.0,-491000000.0,3.36,,610000000.0,3472000000.0,-342000000.0,1459000000.0,1150000000.0,895000000.0,22000000.0,0.0,,895000000.0,683000000.0,25000000.0,9667000000.0,5284000000.0,10207000000,79000000.0,4528000000.0,1134000000.0,-584000000.0,3701000000.0,0.0,3808000000.0,3808000000.0,4958000000.0,1891000000.0,16269000000,3287000000.0,-727000000.0,2147000000.0,-820000000.0,2102000000.0,,991000000.0,6028000000,5139000000.0,366000000.0,9667000000.0,-1892000000.0,-715000000.0,16222000000.0,-2458000000.0,5747000000.0,3938000000.0,4043000000.0,472000000.0,-120000000.0,675000000.0,803000000.0,6269000000.0,-137000000.0,166000000.0,,-3518000000.0,6738000000.0,572000000.0,1137000000.0,5747000000.0,-676000000.0,3.35,1000000.0,,,,
2016-12-31,13228000000.0,95000000.0,5747000000.0,-348000000.0,1336000000.0,1929000000.0,6114000000.0,-20000000.0,4525000000.0,4059000000.0,-603000000.0,3.7,,974000000.0,4040000000.0,-382000000.0,1611000000.0,1587000000.0,991000000.0,50000000.0,0.0,,991000000.0,889000000.0,46000000.0,,5447000000.0,12991000000,81000000.0,4898000000.0,1098000000.0,0.0,4102000000.0,,4059000000.0,4059000000.0,5646000000.0,1756000000.0,18675000000,5180000000.0,-837000000.0,2509000000.0,-867000000.0,1072000000.0,,1614000000.0,5656000000,5878000000.0,373000000.0,10776000000.0,-1824000000.0,-1167000000.0,19418000000.0,-2293000000.0,6721000000.0,5785000000.0,4484000000.0,609000000.0,-137000000.0,733000000.0,722000000.0,7206000000.0,211000000.0,132000000.0,161000000.0,-3511000000.0,8335000000.0,524000000.0,1101000000.0,6721000000.0,-924000000.0,3.69,-33000000.0,,,,
2017-12-31,13797000000.0,154000000.0,6721000000.0,-726000000.0,1543000000.0,2298000000.0,7113000000.0,86000000.0,5424000000.0,3915000000.0,-714000000.0,3.67,-64000000.0,-788000000.0,4640000000.0,-423000000.0,1877000000.0,2607000000.0,1085000000.0,176000000.0,0.0,,499000000.0,1227000000.0,-53000000.0,,7532000000.0,15832000000,106000000.0,5860000000.0,1067000000.0,-1322000000.0,5132000000.0,,3915000000.0,3915000000.0,6522000000.0,3035000000.0,21329000000,5424000000.0,-942000000.0,3344000000.0,-286000000.0,1824000000.0,,1849000000.0,5468000000,6637000000.0,437000000.0,12497000000.0,-1859000000.0,-1779000000.0,22364000000.0,-4764000000.0,5933000000.0,7039000000.0,5555000000.0,933000000.0,39000000.0,829000000.0,1120000000.0,8793000000.0,684000000.0,249000000.0,,-3762000000.0,7782000000.0,1438000000.0,1072000000.0,5933000000.0,-497000000.0,3.65,1000000.0,,,,
2018-12-31,16171000000.0,186000000.0,7592000000.0,-1395000000.0,1768000000.0,3303000000.0,7849000000.0,-244000000.0,6081000000.0,5859000000.0,-847000000.0,5.63,0.0,745000000.0,6338000000.0,-504000000.0,2029000000.0,1345000000.0,,196000000.0,0.0,500000000.0,603000000.0,1266000000.0,-84000000.0,,8689000000.0,19442000000,67000000.0,6540000000.0,1041000000.0,-91000000.0,5719000000.0,,5859000000.0,5859000000.0,7204000000.0,2904000000.0,24860000000,5834000000.0,-1044000000.0,4728000000.0,-1313000000.0,1912000000.0,,1696000000.0,5395000000,8410000000.0,459000000.0,14950000000.0,-1809000000.0,-506000000.0,27283000000.0,-4966000000.0,8337000000.0,7849000000.0,6223000000.0,537000000.0,-1020000000.0,921000000.0,991000000.0,11593000000.0,950000000.0,337000000.0,,-4933000000.0,8378000000.0,1877000000.0,1047000000.0,6682000000.0,-718000000.0,5.6,-14000000.0,,,,
2019-12-31,16902000000.0,,,,,4525000000.0,,,,,,,,,6403000000.0,,2298000000.0,,,,0.0,,,,,,12334000000.0,23319000000,85000000.0,,,,,,,,,4021000000.0,29236000000,8527000000.0,,5509000000.0,,,,688000000.0,5893000000,,,,,,33984000000.0,,,11415000000.0,,489000000.0,,1828000000.0,1417000000.0,11904000000.0,,,,,7676000000.0,2729000000.0,,6988000000.0,-673000000.0,,,,,,
