date,annualBeginningCashPosition,annualInterestExpense,annualCurrentAssets,annualChangesInAccountReceivables,annualOtherNonCurrentAssets,annualGrossPPE,annualAccumulatedDepreciation,annualNetIncomeCommonStockholders,annualDeferredIncomeTax,annualSellingGeneralAndAdministration,annualRepaymentOfDebt,annualChangeInCashSupplementalAsReported,annualCurrentAccruedExpenses,annualTaxProvision,annualCapitalExpenditure,annualOtherCurrentLiabilities,annualOtherCurrentAssets,annualCurrentDeferredRevenue,annualTotalRevenue,annualCurrentDebt,annualCostOfRevenue,annualCapitalStock,annualNetOtherFinancingCharges,annualGrossProfit,annualTotalNonCurrentAssets,annualFreeCashFlow,annualStockBasedCompensation,annualInventory,annualChangeInWorkingCapital,annualPurchaseOfBusiness,annualNetIncomeContinuousOperations,annualNonCurrentDeferredTaxesLiabilities,annualChangeInInventory,annualOperatingExpense,annualTotalLiabilitiesNetMinorityInterest,annualLongTermDebt,annualDilutedEPS,annualCashDividendsPaid,annualAccountsReceivable,annualPretaxIncome,annualPurchaseOfInvestment,annualNetIncome,annualBasicAverageShares,annualGoodwill,annualSaleOfInvestment,annualIncomeTaxPayable,annualBasicEPS,annualStockholdersEquity,annualOtherNonCashItems,annualRetainedEarnings,annualTotalAssets,annualCashFlowFromContinuingFinancingActivities,annualDepreciationAndAmortization,annualInvestingCashFlow,annualEndCashPosition,annualOperatingIncome,annualOtherIntangibleAssets,annualOtherIncomeExpense,annualNetPPE,annualCommonStockIssuance,annualTotalNonCurrentLiabilitiesNetMinorityInterest,annualOperatingCashFlow,annualAccountsPayable,annualCurrentLiabilities,annualChangeInAccountPayable,annualEbitda,annualInvestmentsAndAdvances,annualRepurchaseOfCapitalStock,annualOtherNonCurrentLiabilities,annualCashCashEquivalentsAndMarketableSecurities,annualGainsLossesNotAffectingRetainedEarnings,annualDilutedAverageShares,annualCashAndCashEquivalents,annualNetOtherInvestingChanges,annualResearchAndDevelopment,annualNonCurrentDeferredRevenue,annualOtherShortTermInvestments
1993-12-31,900000,2300000,96100000,,14200000,94000000,-40900000,9200000,,65100000,,600000,,5700000,-10100000,5100000.0,1700000.0,,373100000,3200000,287100000,,0,86000000,67300000,-5700000,,49500000,-7300000,,9200000,,-4900000,68700000,73300000,38000000,0.275,-1100000,,14900000,,9200000,33454545,,,,0.275,90100000,200000.0,73600000,163400000,6300000,3600000,-10100000,0,17300000,,-100000,53100000,400000.0,38100000,4400000,26900000,35200000,,20900000,,-1900000.0,100000,1500000,,33454545,1500000,-100000,,,
1994-12-31,1500000,2100000,125400000,,15100000,103500000,-44600000,14400000,300000.0,73300000,,6800000,,9800000,-9500000,7700000.0,1900000.0,,446900000,2900000,344700000,,-600000,102200000,74000000,-6600000,,57900000,-17800000,,14400000,,-8400000,77600000,49400000,8500000,0.38,-1100000,,24200000,,14400000,37894737,,,,0.38,150000000,-200000.0,86400000,199400000,15900000,4300000,-12000000,0,24600000,,1800000,58900000,47300000.0,8500000,2900000,30300000,40900000,,28900000,,,0,8300000,,37894737,8300000,-3600000,,,
1995-12-31,8300000,1600000,166900000,,27300000,119400000,-53100000,22700000,-1800000.0,89400000,,9700000,,15900000,-7900000,16500000.0,8000000.0,,561300000,2900000,432100000,,100000,129200000,93600000,31500000,,72000000,7000000,,22700000,,-12200000,94600000,96600000,30400000,0.485,-1600000,,38600000,,22700000,46804124,,,,0.485,163900000,100000.0,103600000,260500000,-8200000,5200000,-21400000,0,34600000,,5500000,66300000,400000.0,30400000,39400000,46800000,66200000,,39800000,,-7600000.0,0,18000000,,46804124,18000000,-13600000,,,
1996-12-31,18000000,3900000,210900000,,46700000,190300000,-56700000,29800000,1500000.0,109600000,,-17200000,,19800000,-21400000,21300000.0,14200000.0,,654000000,2500000,492200000,,0,161800000,180300000,15000000,,122800000,2400000,,29800000,16900000.0,-6700000,118100000,198600000,107500000,0.95,-1900000,,49600000,,29800000,31359927,,,,0.95,192600000,,131500000,391200000,61200000,8500000,-114800000,0,43700000,,9800000,133600000,800000.0,124500000,36400000,50300000,74100000,,52200000,,,100000,800000,,46597938,800000,-94500000,,,
1997-12-31,800000,10900000,322100000,,33500000,225900000,-64900000,34200000,1300000.0,151400000,,33200000,,23800000,-107100000,25800000.0,11700000.0,,961500000,100000,737500000,,100000,224000000,261800000,-67300000,,158700000,-2500000,,34200000,18500000.0,500000,164600000,270700000,143400000,0.716667,-2600000,,58000000,,34200000,47208723,,,,0.723333,313200000,,158400000,583900000,92000000,13200000,-98500000,0,59400000,67300000.0,9400000,161000000,96300000.0,161900000,39800000,82900000,108800000,,72600000,,-7400000.0,0,34000000,,47624052,34000000,5300000,,,
1998-12-31,34000000,17600000,420300000,,31100000,294100000,-81000000,47700000,-200000.0,220200000,,-27600000,,32600000,-176100000,37400000.0,16900000.0,,1352800000,100000,1024200000,,0,328600000,421100000,-145200000,,240700000,-30700000,,47700000,23200000.0,-3300000,239600000,495600000,343300000,0.843333,-4500000,,80300000,,47700000,56305101,,,,0.846667,345800000,,193900000,841400000,113900000,19400000,-172400000,0,89000000,176900000.0,8900000,213100000,700000.0,366500000,30900000,91600000,129100000,,108400000,,-11300000.0,0,6500000,,56610375,6500000,1300000,,,
1999-12-31,6500000,23300000,428900000,,28500000,323200000,-95800000,57600000,-200000.0,278600000,,3400000,,38800000,-112500000,51700000.0,18400000.0,,1511100000,200000,1097400000,153100000.0,-100000,413700000,471100000,18900000,,232900000,54300000,,57600000,25700000.0,35000000,304200000,499700000,318100000,1.035,-4900000,,96400000,,57600000,55496614,,,,1.04,400300000,100000.0,247200000,900000000,-34000000,25600000,-94000000,9900000,109500000,215200000.0,10200000,227400000,1900000.0,343800000,131400000,104000000,155900000,,135100000,,,0,9900000,,55783766,9900000,13000000,,,
2000-12-31,9862000,26068000,491396000,,28448000,357867000,-112516000,62319000,231000.0,318638000,,-6755000,,40268000,-30379000,60971000.0,23634000.0,,1726665000,150000,1256997000,139231000.0,1031000,469668000,505847000,-5915000,,271549000,-63971000,,62319000,28642000.0,-25165000,346730000,594204000,421825000,1.14,-6001000,,102587000,,62319000,54430174,,,,1.145,403039000,,264116000,997243000,37030000,28092000,-68249000,3107000,122938000,232048000.0,5717000,245351000,1954000.0,450467000,24464000,82616000,143737000,,151030000,,-56284000.0,0,3107000,-308000.0,54578222,3107000,2622000,,,
2001-12-31,3107000,26738000,517993000,,23844000,424804000,-134451000,36336000,-2142000.0,347310000,,6824000,32822000.0,23823000,-24539000,17430000.0,0.0,,1656974000,10325000,1194512000,290798000.0,451000,462462000,564300000,79048000,,308093000,36971000,,36336000,28433000.0,21468000,379647000,498410000,331975000,0.64,-6812000,172603000.0,60159000,,36336000,56671252,,,,0.64,583883000,,294091000,1082293000,49638000,32337000,-145703000,9931000,82815000,250103000.0,4082000,290353000,151567000.0,360408000,103587000,69870000,138002000,,115152000,,,0,9931000,-1006000.0,56939640,9931000,6924000,,,
2002-12-31,9931000,22605000,532544000,,16238000,471376000,-165187000,30167000,3577000.0,379288000,,-626000,40894000.0,19553000,-18658000,20160000.0,0.0,,1748271000,325000,1268251000,294503000.0,-1716000,480020000,606703000,72086000,,307385000,29056000,,30167000,31672000.0,30150000,407834000,518676000,344080000,0.475,-7605000,190191000.0,49720000,,30167000,63374322,,,,0.475,609854000,,317189000,1139247000,-23256000,28546000,-68237000,9305000,72186000,284276000.0,3529000,306189000,3705000.0,375752000,90744000,77511000,142924000,,100732000,,,0,9305000,-1838000.0,63597602,9305000,444000,,,
2003-12-31,9305000,26745000,544586000,,32662000,663718000,-196847000,34010000,8120000.0,395927000,,-7139000,53265000.0,20846000,-20909000,22696000.0,0.0,,1882933000,22400000,1372310000,303587000.0,0,510623000,824838000,85505000,,288080000,29053000,,34010000,40349000.0,19995000,432797000,712423000,469250000,0.535,-8021000,221793000.0,54856000,,34010000,63705684,,,,0.535,647619000,,344962000,1369424000,149714000,36870000,-263739000,2166000,77826000,325305000.0,2837000,466871000,10490000.0,509599000,106414000,98438000,202824000,,114696000,,,0,2166000,-930000.0,63732668,2166000,0,,,
2004-12-31,2166000,28690000,733229000,,29509000,689439000,-230626000,169728000,2726000.0,483887000,,9493000,101919000.0,100240000,-35982000,0.0,0.0,,2947202000,46400000,2110848000,313953000.0,0,836354000,830102000,85786000,,349779000,-105740000,,169728000,55613000.0,-61699000,528514000,725243000,380850000,2.595,-10157000,329991000.0,269968000,,169728000,64960202,,,,2.615,822552000,,508147000,1563331000,-64191000,44627000,-49649000,11659000,307840000,341780000.0,4168000,458813000,10366000.0,436463000,121768000,140323000,288780000,,352467000,,,0,11659000,452000.0,65350758,11659000,-16948000,,,
2005-12-31,11659000,25222000,847348000,,57273000,745596000,-265877000,205437000,-1059000.0,507905000,,23363000,94960000.0,127775000,-53740000,0.0,0.0,,3370722000,50061000,2449000000,325010000.0,-7159000,921722000,921722000,218479000,,387385000,8982000,,205437000,65808000.0,-11345000,554536000,722077000,301275000,3.105,-12530000,369931000.0,333212000,,205437000,65870000,,,,3.12,1029865000,,704530000,1769070000,-102143000,46631000,-146632000,35022000,367186000,384730000.0,3671000,479719000,11057000.0,388258000,272219000,188584000,333819000,,413817000,,,15660000,35022000,325000.0,66194000,35022000,0,,,
2006-12-31,35022000,61692000,1675389000,,57046000,1059824000,-317152000,354507000,7295000.0,821386000,,22453000,163861000.0,216625000,-108742000,0.0,0.0,,5748376000,22816000,4231386000,701690000.0,-6015000,1516990000,1938784000,82222000,,904318000,-230514000,,354507000,181628000.0,-89414000,883860000,1866529000,1083095000,4.82,-16145000,666273000.0,571132000,-3096000.0,354507000,73134102,784871000.0,,,4.85,1746398000,-232000.0,1046339000,3614173000,481756000,60325000,-650434000,57475000,633130000,354195000.0,5768000,742672000,7337000.0,1315790000,190964000,340356000,550739000,,695604000,,,46111000,57475000,-1631000.0,73599681,57475000,521000,,,
2007-12-31,57475000,78710000,1721403000,,86996000,1202642000,-378007000,407955000,12042000.0,1034139000,,19548000,170286000.0,246438000,-124127000,0.0,0.0,,7265610000,72456000,5418161000,0.0,9511000,1847449000,2262074000,514837000,,911315000,139101000,,407955000,200181000.0,129582000,1114012000,1875529000,1008765000,5.36,-24207000,691462000.0,654393000,,407955000,75622799,886152000.0,,,5.39,2106249000,840000.0,1439598000,3983477000,-199850000,79873000,-419808000,77023000,733437000,464291000.0,9931000,824635000,16764000.0,1275665000,638964000,333986000,599864000,,813310000,,-82168000.0,62224000,77023000,20245000.0,76064616,77023000,-30769000,,,
2008-12-31,77023000,82575000,2302372000,166025000.0,87199000,1441931000,-443225000,482777000,22720000.0,1211201000,-1798602000.0,-25028000,224389000.0,282921000,-151890000,0.0,0.0,82949000.0,8718844000,93877000,6556748000,563092000.0,5155000,2162096000,2893113000,512794000,13189000.0,1284468000,50443000,-330249000.0,483635000,340326000.0,191472000,1226550000,2760417000,1766093000,6.56,-29229000,851214000.0,765698000,,482777000,73102215,1065527000.0,6524000.0,,6.6,2431436000,4666000.0,1900360000,5195485000,-231488000,97924000,-457654000,51995000,935546000,741681000.0,-87273000,998706000,284000.0,2110252000,664684000,248312000,650165000,,1033470000,,-114774000.0,0,51995000,-32016000.0,73597717,51995000,5369000,,,
2009-12-31,51995000,67523000,1390904000,322163000.0,106155000,1503753000,-522494000,148158000,58016000.0,1030245000,-1188454000.0,-8993000,157876000.0,46317000,-69901000,0.0,0.0,3534000.0,5318132000,86383000,3918611000,0.0,-10026000,1399521000,2915873000,873095000,15530000.0,719915000,613542000,0.0,149176000,335897000.0,569943000,1149129000,1698655000,849375000,2.01,-29383000,533871000.0,195493000,-31544000.0,148158000,73445583,1081324000.0,6576000.0,,2.02,2606432000,1120000.0,2020343000,4306777000,-859829000,118884000,-93585000,43002000,250392000,726255000.0,12624000,981259000,258000.0,1281086000,942996000,169113000,417569000,,381900000,20880000.0,0.0,335897000,43002000,-1523000.0,73701979,43002000,6576000,,,
2010-12-31,43002000,61175000,1700897000,-146743000.0,59049000,1629546000,-604241000,194353000,42724000.0,1103584000,-560580000.0,29913000,167811000.0,98579000,-111356000,0.0,0.0,,6312795000,86232000,4727887000,0.0,2403000,1584908000,2967996000,102731000,17334000.0,860215000,-165345000,-100325000.0,197849000,372563000.0,-121857000,1224187000,1838779000,855085000,2.61,-29692000,697033000.0,296428000,,194353000,74230452,1109600000.0,46738000.0,,2.62,2823732000,320000.0,2188725000,4668893000,-24464000,120603000,-161783000,72915000,360721000,755768000.0,-3118000,1025305000,0.0,1330184000,214087000,244988000,508595000,79388000.0,478206000,18274000.0,0.0,27787000,72915000,10275000.0,74472380,72915000,0,,,
2011-12-31,72900000,59800000,2274700000,-145900000.0,69300000,1785500000,-680000000,343800000,-27200000.0,1280100000,-606600000.0,11700000,96100000.0,162400000,-156400000,0.0,0.0,,8134700000,12200000,6148700000,0.0,-11300000,1986000000,3331200000,78400000,21300000.0,1212800000,-246500000,-313300000.0,349200000,439800000.0,-231000000,1413200000,2453900000,1319000000,4.58,-35900000,896200000.0,511600000,-8500000.0,343800000,74739130,1244300000.0,3600000.0,21900000.0,4.6,3143900000,3900000.0,2495600000,5605900000,247600000,133100000,-474600000,84600000,572800000,895900000.0,-1400000,1105500000,0.0,1877500000,234800000,335200000,576400000,107600000.0,704500000,16200000.0,,30100000,84600000,-8800000.0,75041753,84600000,-9000000,,,
2012-12-31,84600000,58400000,2277400000,123100000.0,73000000,2005400000,-764700000,403500000,2800000.0,1396200000,-763000000.0,13000000,126200000.0,201100000,-214000000,0.0,0.0,,8442300000,83600000,6235400000,0.0,-4300000,2206900000,3580300000,387900000,23000000.0,1272300000,14100000,-166900000.0,408300000,466300000.0,-1300000,1547700000,2290300000,1123800000,5.33,-60200000,807700000.0,609400000,-11900000.0,403500000,75279851,1314600000.0,2900000.0,0.0,5.36,3558400000,23400000.0,2837700000,5857700000,-207600000,151500000,-381700000,97600000,659200000,936500000.0,8600000,1240700000,,1712100000,601900000,255600000,578200000,-88800000.0,819300000,15500000.0,,27100000,97600000,-1500000.0,75694212,97600000,0,,,
2013-12-31,97600000,77500000,2738900000,25400000.0,78700000,2476600000,-872700000,321600000,3100000.0,1638400000,-1454500000.0,-14000000,137100000.0,153600000,-168000000,0.0,0.0,,9223800000,36500000,6826200000,0.0,-11500000,2397600000,4602100000,465300000,26000000.0,1540000000,70300000,-821100000.0,324700000,690800000.0,111900000,1830800000,3456600000,2072500000,4.14,-96900000,983500000.0,478300000,-10300000.0,321600000,76754177,1691600000.0,7700000.0,,4.19,3874600000,-400000.0,3063000000,7341000000,332100000,192400000,-979000000,83600000,566800000,1213800000.0,-11000000,1603900000,,2883200000,633300000,280300000,573400000,-49700000.0,748200000,14100000.0,,35900000,83600000,-6700000.0,77646192,83600000,800000,,,
2014-12-31,83600000,81900000,3121100000,-97200000.0,75700000,2660500000,-1004100000,371500000,-18200000.0,1789800000,-552200000.0,22600000,144800000.0,170000000,-190400000,0.0,0.0,,10451600000,93900000,7830600000,0.0,-5600000,2621000000,4715500000,165600000,22800000.0,1752100000,-220900000,-208200000.0,376300000,692900000.0,-131000000,2003600000,3708700000,2222300000,4.73,-108700000,1144600000.0,546300000,,371500000,77719665,1736400000.0,,9200000.0,4.78,4099000000,-3600000.0,3328500000,7836600000,33000000,213800000,-365000000,106200000,617400000,1241600000.0,10800000,1656400000,,3045900000,356000000,286500000,662800000,-24200000.0,842000000,5400000.0,-50000000.0,28500000,106200000,-48900000.0,78615939,106200000,7400000,,,
2015-12-31,106200000,84300000,2554200000,222500000.0,81700000,2772300000,-1136800000,311500000,-17100000.0,1728500000,-962300000.0,-1900000,123200000.0,142500000,-172200000,0.0,0.0,,9350500000,500800000,6803600000,533800000.0,-11400000,2546900000,4567400000,852800000,21300000.0,1436000000,425200000,-400000.0,316200000,627100000.0,306800000,1947000000,3178900000,1427900000,4.16,-120100000,916600000.0,458700000,,311500000,74166667,1724800000.0,,0.0,4.2,3914100000,9800000.0,3480000000,7121600000,-848500000,218500000,-169900000,104300000,599900000,1125400000.0,-56900000,1635500000,,2189200000,1025000000,247000000,989700000,-78900000.0,761500000,,-355500000.0,30400000,104300000,-99700000.0,74902064,104300000,2700000,,,
2016-12-31,104300000,84600000,2688500000,-31200000.0,81900000,2934700000,-1272500000,304300000,-500000.0,1803300000,-2061400000.0,18500000,124300000.0,120100000,-154900000,0.0,0.0,,8613400000,82500000,6023100000,590300000.0,-16300000,2590300000,4722800000,471600000,24400000.0,1532600000,12600000,-348700000.0,309100000,626900000.0,-30400000,2025300000,3232200000,1846700000,4.16,-120400000,960200000.0,429200000,,304300000,72280285,1827400000.0,,6200000.0,4.21,4148800000,7700000.0,3663200000,7411300000,-100200000,222000000,-505100000,122800000,565000000,1151300000.0,-51200000,1662200000,,2576200000,626500000,302200000,656000000,47500000.0,735800000,,0.0,13000000,122800000,-104700000.0,73120918,122800000,-1500000,,,
2017-12-31,122800000,73900000,3051300000,-119700000.0,88700000,3063600000,-1407300000,613400000,-192600000.0,1902800000,-915300000.0,31600000,125700000.0,-37200000,-161600000,0.0,0.0,,9721000000,92000000,6933200000,594600000.0,-14400000,2787800000,4699700000,237400000,33400000.0,1726000000,-283600000,-37800000.0,621000000,440800000.0,-186600000,2121200000,3051100000,1809400000,8.34,-132000000,1087300000.0,583800000,,613400000,72850356,1842600000.0,,0.0,8.42,4667100000,7700000.0,4144100000,7751000000,-198100000,218400000,-179400000,154400000,666600000,1112100000.0,-8900000,1656300000,,2347400000,399000000,346700000,703700000,34200000.0,876100000,,-25000000.0,11800000,154400000,-71600000.0,73539424,154400000,-7600000,,,
2018-12-31,154400000,86200000,3285000000,-153300000.0,87200000,3272900000,-1543000000,633700000,-9100000.0,2091800000,-1192200000.0,-26200000,120300000.0,208800000,-239900000,,,,11534500000,65200000,8253000000,136400000.0,-51800000,3281500000,4759900000,424700000,45500000.0,1817100000,-266700000,-77600000.0,641800000,440100000.0,-88800000,2307000000,3365400000,2138500000,8.75,-145300000,1242300000.0,850600000,,633700000,71604520,1870800000.0,,,8.85,4671600000,12300000.0,4637900000,8044900000,-403900000,215200000,-281000000,128200000,974500000,1072000000.0,-37700000,1729900000,,2666300000,664600000,338800000,699100000,-10600000.0,1152000000,,-484900000.0,15900000,128200000,-102700000.0,72441000,128200000,7300000,,,
