date,annualChangesInAccountReceivables,annualChangeInCashSupplementalAsReported,annualBeginningCashPosition,annualCurrentAssets,annualGrossPPE,annualNetIncomeCommonStockholders,annualDeferredIncomeTax,annualOtherNonCurrentLiabilities,annualInterestExpense,annualSellingGeneralAndAdministration,annualRepaymentOfDebt,annualTotalNonCurrentAssets,annualOtherIncomeExpense,annualCapitalExpenditure,annualOtherCurrentLiabilities,annualCashFlowFromContinuingFinancingActivities,annualCurrentDebt,annualInventory,annualOtherCurrentAssets,annualCurrentDeferredRevenue,annualBasicEPS,annualTotalRevenue,annualCostOfRevenue,annualCapitalStock,annualNetOtherFinancingCharges,annualFreeCashFlow,annualStockBasedCompensation,annualTotalLiabilitiesNetMinorityInterest,annualNonCurrentDeferredTaxesLiabilities,annualAccumulatedDepreciation,annualGrossProfit,annualChangeInWorkingCapital,annualPurchaseOfBusiness,annualNetIncomeContinuousOperations,annualOperatingExpense,annualNonCurrentDeferredRevenue,annualNetIncome,annualLongTermDebt,annualRetainedEarnings,annualAccountsReceivable,annualPurchaseOfInvestment,annualDilutedEPS,annualCashDividendsPaid,annualPretaxIncome,annualGoodwill,annualSaleOfInvestment,annualBasicAverageShares,annualOtherNonCashItems,annualDepreciationAndAmortization,annualOperatingIncome,annualInvestingCashFlow,annualStockholdersEquity,annualTotalAssets,annualTaxProvision,annualEndCashPosition,annualCurrentAccruedExpenses,annualTotalNonCurrentLiabilitiesNetMinorityInterest,annualOperatingCashFlow,annualAccountsPayable,annualCurrentLiabilities,annualChangeInAccountPayable,annualOtherIntangibleAssets,annualCommonStockIssuance,annualOtherShortTermInvestments,annualInvestmentsAndAdvances,annualRepurchaseOfCapitalStock,annualOtherNonCurrentAssets,annualEbitda,annualDilutedAverageShares,annualNetPPE,annualGainsLossesNotAffectingRetainedEarnings,annualCashAndCashEquivalents,annualNetOtherInvestingChanges,annualCashCashEquivalentsAndMarketableSecurities,annualResearchAndDevelopment,annualIncomeTaxPayable,annualChangeInInventory
1998-12-31,,556600000,0,784000000,1569100000,153700000,19200000,100600000,44700000,135800000,,2028100000,600000,-618200000,219200000.0,892900000,499900000,,44700000,,0.753333,1369100000,842700000,,-1469500000,-347100000,,1513000000,71400000,-473000000,526400000,-8100000,,153700000,242100000,,153700000,557200000,93800000,,,0.753333,,240200000,,,203400000,,106300000.0,284300000,-607400000,1299100000,2812100000,86500000,0,,729200000,271100000,64700000,783800000,,932000000,1433600000.0,,,,0,390600000,203400000,1096100000,,556600000,10800000,556600000,,,
1999-12-31,,-543500000,556600000,332000000,2174300000,200800000,41900000,153800000,64200000,183600000,,2956300000,-3400000,-1027400000,252000000.0,186400000,57200000,,68000000,,0.76,1838500000,1101100000,1800000.0,36100000,-703600000,,1785600000,94400000,-568800000,737400000,-94500000,,200800000,346800000,,200800000,1152100000,294600000,,,0.76,,326500000,,,263550000,,163200000.0,390600000,-1053700000,1502700000,3288300000,125700000,13100000,,1400300000,323800000,76100000,385300000,,1297300000,,,,,53500000,553800000,263550000,1605500000,,13100000,-26300000,13100000,,,
2000-12-31,,-11100000,13100000,405800000,2314800000,221000000,29800000,178000000,81600000,200600000,,3155700000,2300000,-208000000,221900000.0,-7900000,56500000,,162500000,,0.84,2103300000,1271300000,1800000.0,-900000,253800000,,1886600000,126600000,-647000000,832000000,-6200000,,221000000,398000000,,221000000,1200200000,515600000,,,0.84,,356400000,,,262500000,,197400000.0,434000000,-465000000,1674900000,3561500000,135400000,2000000,,1504800000,461800000,103400000,381800000,,1435000000,900000.0,,,-50900000.0,52900000,631400000,262500000,1667800000,,2000000,-269600000,2000000,,,
2001-12-31,,14100000,2000000,324800000,2554300000,125500000,-10700000,261200000,80100000,236500000,,3531500000,-98100000,-249300000,262600000.0,36700000,33600000,,0,,0.486667,2257500000,1422500000,1800000.0,447400000,209900000,,2100400000,118700000,-779400000,835000000,-20500000,,125500000,451900000,,125500000,1334100000,641100000,232900000.0,,0.486667,,209300000,,,256650000,132300000.0,153900000.0,383100000,-481800000,1755900000,3856300000,83800000,16100000,,1714000000,459200000,90200000,386400000,,1551600000,53000000.0,,,-99200000.0,205000000,598500000,256650000,1774900000,-1600000.0,16100000,-241200000,16100000,,,
2002-12-31,,125400000,16100000,452300000,2839100000,239600000,73100000,301500000,77000000,238700000,,3756800000,5300000,-258600000,73700000.0,-128000000,2800000,,0,82900000.0,0.96,2365100000,1472900000,1800000.0,0,311100000,,2328000000,195000000,-929100000,892200000,47000000,,239600000,432700000,,239600000,1439300000,880700000,238600000.0,,0.96,,386500000,,,250050000,,199600000.0,459500000,-316300000,1881100000,4209100000,146900000,141500000,109300000.0,1935800000,569700000,123500000,392200000,,1569900000,29900000.0,,,-150000000.0,276900000,659100000,250050000,1910000000,,141500000,-35400000,141500000,,,
2003-12-31,,-22300000,141500000,556000000,1297200000,177600000,178900000,334900000,78000000,260600000,,3998100000,3200000,-273200000,104700000.0,-70400000,231100000,,0,88500000.0,0.74,2517800000,1605400000,1800000.0,0,327300000,,2649600000,353500000,-304100000,912400000,-60900000,,215400000,499700000,,177600000,1289200000,1039300000,248900000.0,-182400000.0,0.733333,-19000000.0,347400000,,,243150000,,239100000.0,412700000,-552400000,1904500000,4554100000,132000000,119200000,118600000.0,1977600000,600500000,129100000,672000000,,1583100000,49100000.0,,,-184200000.0,1421900000,651800000,243150000,993100000,-100000.0,119200000,-57600000,119200000,,,
2004-12-31,,22300000,119200000,496500000,3588800000,237900000,57600000,387100000,76700000,282000000,,3968100000,1200000,-283800000,89600000.0,-437300000,2400000,,0,99700000.0,1.04,2708100000,1714400000,1900000.0,0,382500000,,2592100000,406500000,-1580000000,993700000,77000000,,237900000,541400000,,237900000,1351900000,1222600000,268700000.0,,1.02,-46000000.0,383700000,,143800000.0,232950000,2100000.0,259400000.0,452300000,-206700000,1872500000,4464600000,145800000,141500000,135300000.0,2145500000,666300000,119600000,446600000,,1592900000,38200000.0,,,-266100000.0,366400000,711700000,232950000,2008800000,-1000000.0,141500000,-25100000,141500000,,,
2005-12-31,,-9700000,141500000,482300000,3890200000,253700000,27500000,415600000,81000000,304000000,,4068200000,1600000,-328700000,224900000.0,-480000000,3000000,,0,99300000.0,1.186667,2863900000,1803900000,1900000.0,0,438800000,,2944700000,390000000,-1774900000,1060000000,153600000,,253700000,582800000,,253700000,1472100000,1402800000,280000000.0,,1.166667,-72200000.0,409200000,,38700000.0,217500000,,278800000.0,477200000,-297200000,1605800000,4550500000,155500000,131800000,163700000.0,2277700000,767500000,176100000,667000000,,1590800000,75000000.0,,,-558400000.0,362100000,756000000,217500000,2115300000,800000.0,131800000,9400000,131800000,,,
2006-12-31,,-102700000,131800000,393400000,4148500000,279600000,29900000,440800000,95800000,315000000,,4036000000,-11500000,-337600000,142900000.0,-409400000,2600000,17000000.0,1600000,107000000.0,1.393333,3070600000,1924400000,1900000.0,13800000,184500000,,3007300000,419700000,-1984700000,1146200000,-119700000,,279600000,626700000,,279600000,1544600000,1602600000,293800000.0,,1.38,-78500000.0,443700000,1562900000.0,,200400000,36300000.0,296000000.0,519500000,-215400000,1422100000,4429400000,164100000,29100000,188200000.0,2405100000,522100000,161500000,602200000,,31000000,75300000.0,,,-492000000.0,278300000,815500000,202800000,2163800000,900000.0,29100000,101500000,29100000,,,
2007-12-31,,-7300000,29100000,413800000,4357500000,290200000,27800000,480400000,94800000,320300000,,4054000000,-3000000,-292500000,76500000.0,-408300000,2300000,12300000.0,12800000,121900000.0,1.53,3176200000,1997300000,2000000.0,6000000,368800000,,3164000000,489400000,-2193200000,1178900000,10100000,,290200000,642900000,,290200000,1565500000,1572300000,298200000.0,,1.51,-93900000.0,468100000,1555700000.0,,190100000,41500000.0,305500000.0,536000000,-260300000,1303800000,4467800000,177900000,21800000,267200000.0,2535300000,661300000,160800000,628700000,,26500000,31300000.0,,,-362800000.0,307500000,841500000,192000000,2164300000,9100000.0,21800000,-11600000,21800000,,,
2008-12-31,,46900000,21800000,1325700000,9000800000,73800000,-30400000,1634700000,131900000,434700000,,18595700000,-198000000,-386900000,796800000.0,469400000,504000000,37100000.0,28300000,359900000.0,0.38,3685100000,2416700000,3900000.0,-1300000,125300000,,12638900000,1239900000,-2262600000,1268400000,-78800000,,73800000,902500000,,73800000,7198500000,1477200000,945500000.0,,0.37,-128300000.0,159300000,10521500000.0,,196700000,193500000.0,354100000.0,365900000,-934700000,7281400000,19921400000,85400000,68700000,341100000.0,10073100000,512200000,564000000,2565800000,,564100000,24600000.0,,,-138400000.0,771900000,720000000,198400000,6738200000,-3100000.0,68700000,-5500000,68700000,,,
2009-12-31,53100000.0,-20700000,68700000,1264900000,9594400000,495000000,-24600000,581200000,595900000,969200000,-3645500000.0,18275400000,-57100000,-826300000,0.0,-1174700000,543000000,33700000.0,6400000,331100000.0,1.3,8199100000,4844200000,4000000.0,1245400000,570200000,15000000.0,11973200000,1040500000,-2936700000,3354900000,-251900000,-100000.0,496500000,1838900000,15700000.0,495000000,6419600000,1683100000,865100000.0,,1.3,-288300000.0,865000000,10667100000.0,41600000.0,379700000,266200000.0,869700000.0,1516000000,-242500000,7564500000,19540300000,368500000,48000000,1081800000.0,9424500000,1396500000,592800000,2548700000,,500000000,39600000.0,,240500000.0,-1000000.0,210100000,2330600000,381000000,6657700000,19000000.0,48000000,510500000,48000000,,,
2010-12-31,8800000.0,40300000,48000000,1246100000,10196100000,506500000,61300000,567900000,507400000,858000000,-3146900000.0,18215800000,-185900000,-794700000,104700000.0,-702900000,878500000,31300000.0,5000000,295100000.0,1.32,8106600000,4764800000,4000000.0,2300000,639000000,24500000.0,11613000000,1044800000,-3497600000,3341800000,-360900000,-58900000.0,507500000,1772200000,,506500000,5865100000,1890300000,828900000.0,,1.32,-294600000.0,877000000,10655300000.0,66300000.0,383000000,182800000.0,833700000.0,1569600000,-690500000,7846500000,19461900000,369500000,88300000,556600000.0,8936500000,1433700000,606500000,2676500000,-34900000.0,451300000,86500000.0,,172800000.0,-43100000.0,308200000,2218100000,385100000,6698500000,21900000.0,88300000,65700000,88300000,,,
2011-12-31,-16000000.0,-22000000,88300000,1265700000,10852700000,589200000,334800000,526000000,440200000,903400000,-3372900000.0,18285800000,-234600000,-936500000,0.0,-838500000,34800000,35200000.0,4400000,290200000.0,1.57,8192900000,4865100000,4000000.0,2500000,830200000,20600000.0,11868100000,1161100000,-4060400000,3327800000,-403300000,-42600000.0,588900000,1747000000,31400000.0,589200000,6887000000,2164700000,825800000.0,,1.56,-309400000.0,906300000,10647000000.0,,376000000,481500000.0,843600000.0,1580800000,-950200000,7681300000,19551500000,317400000,66300000,1008900000.0,9970600000,1766700000,563600000,1897500000,11900000.0,409600000,40700000.0,,,-460700000.0,436900000,2190100000,377600000,6792300000,-21500000.0,66300000,-19900000,66300000,,,
2012-12-31,-37200000.0,1300000,66300000,1231300000,11559300000,571800000,83900000,220900000,388500000,827000000,-3594000000.0,18385600000,-117600000,-903500000,0.0,-574900000,19400000,34500000.0,7700000,313200000.0,1.56,8118300000,5005700000,4100000.0,-15600000,610300000,21200000.0,11911200000,1232700000,-4649000000,3112600000,-156000000,-95300000.0,572100000,1783600000,,571800000,7051100000,2403200000,836600000.0,,1.55,-329100000.0,823900000,10690000000.0,,366900000,-89100000.0,926900000.0,1329000000,-937600000,7703300000,19616900000,251800000,67600000,887900000.0,10216200000,1513800000,474500000,1695000000,-49600000.0,358700000,70400000.0,,,-325600000.0,426600000,2139300000,368000000,6910300000,-5800000.0,67600000,22900000,67600000,,,
2013-12-31,-61600000.0,145700000,67600000,1421900000,12359600000,588900000,-38500000,379000000,360000000,995400000,-1278100000.0,18527300000,-6500000,-880800000,0.0,-468700000,15700000,37800000.0,3000000,301800000.0,1.63,8417200000,5234700000,4100000.0,2000000,667400000,19200000.0,12043100000,1185400000,-5322800000,3182500000,-32700000,-68700000.0,589100000,1965500000,,588900000,7002400000,2632700000,890700000.0,,1.62,-348500000.0,851200000,10724100000.0,,362100000,-84100000.0,954000000.0,1217000000,-933800000,7903500000,19949200000,262100000,213300000,888200000.0,10326000000,1548200000,511400000,1717100000,37900000.0,315800000,150800000.0,,,-214100000.0,450600000,2165200000,363400000,7036800000,3000000.0,213300000,-10900000,213300000,,,
2014-12-31,-54300000.0,-138100000,213300000,1391000000,13196100000,547600000,-9000000,344900000,348700000,897800000,-1398400000.0,18703000000,-21500000,-862500000,35300000.0,-712800000,10400000,35900000.0,1500000,306300000.0,1.54,8788300000,5628100000,4100000.0,-2400000,672000000,17400000.0,12346200000,1149000000,-6030800000,3160200000,-135600000,-195700000.0,547900000,1905300000,,547600000,7050800000,2795000000,930400000.0,,1.53,-378600000.0,885300000,10830900000.0,,356700000,124500000.0,984900000.0,1254900000,-959800000,7745300000,20094000000,337400000,75200000,982000000.0,10520200000,1534500000,527300000,1826000000,3300000.0,298900000,83900000.0,,,-400600000.0,407900000,2218900000,358100000,7165300000,-28900000.0,75200000,62700000,75200000,,,
2015-12-31,-15700000.0,-42800000,75200000,1230300000,14196600000,749900000,116700000,309300000,364900000,964900000,-915700000.0,19346900000,1200000,-945600000,41000000.0,-239700000,5500000,38800000.0,4500000,313900000.0,2.14,9115000000,5518600000,3500000.0,-2200000,734100000,18900000.0,12800600000,1131800000,-6643800000,3596400000,5200000,-572700000.0,750400000,2037600000,,749900000,7568700000,3138300000,962900000.0,,2.13,-399300000.0,1195900000,11145500000.0,,350000000,-271900000.0,,1558800000,-1482800000,7774100000,20577200000,445500000,32400000,938000000.0,10965800000,1679700000,577400000,1834800000,35600000.0,246400000,65900000.0,,,-404700000.0,402200000,2610800000,351400000,7552800000,-30500000.0,32400000,14300000,32400000,,,
2016-12-31,-52300000.0,35400000,32400000,1284500000,14952500000,612600000,47200000,301200000,371300000,955000000,-4484000000.0,19345100000,-241800000,-927800000,5900000.0,-851200000,5800000,44000000.0,5500000,312900000.0,1.79,9387700000,5764000000,3500000.0,-4500000,920000000,23200000.0,12935900000,1210200000,-7363900000,3623700000,-28500000,-62400000.0,613200000,2045600000,,612600000,7653100000,3324000000,994800000.0,,1.78,-418900000.0,965900000,11163200000.0,,343000000,-80600000.0,,1578100000,-961200000,7691300000,20629600000,352700000,67800000,939500000.0,11123900000,1847800000,553800000,1812000000,-9800000.0,182300000,49700000.0,,24800000.0,-403800000.0,411000000,2407400000,344400000,7588600000,14200000.0,67800000,4200000,67800000,,,
2017-12-31,-118900000.0,15500000,67800000,1436800000,15822100000,1278400000,-379000000,312100000,361900000,1028000000,-4922800000.0,19710200000,-9200000,-989800000,300000.0,-511800000,706700000,51200000.0,3400000,312100000.0,3.79,10041500000,6214600000,3500000.0,-14700000,920900000,34600000.0,13185900000,796400000,-8044700000,3826900000,-94800000,-354700000.0,1279000000,2174700000,,1278400000,7480700000,4152500000,1105900000.0,,3.77,-440500000.0,1282100000,11315400000.0,,337100000,-73200000.0,,1652200000,-1383400000,7958800000,21147000000,3100000,83300000,1017900000.0,10551100000,1910700000,598100000,2634800000,21700000.0,141100000,36900000.0,0.0,26000000.0,-610700000.0,476300000,2760100000,339000000,7777400000,22600000.0,83300000,-49700000,83300000,,,
2018-12-31,-29600000.0,-45800000,179100000,1564400000,16752000000,1036900000,152100000,321400000,383800000,1059500000,-5000700000.0,20052600000,-14200000,-1071800000,,-1059500000,690700000,53100000.0,4500000,338700000.0,3.17,10040900000,6150000000,3500000.0,-12700000,1171000000,39000000.0,13687500000,1028300000,-8731900000,3890900000,-70900000,-277300000.0,1037600000,2173600000,,1036900000,7646800000,4750500000,1102700000.0,-38200000.0,3.16,-461800000.0,1320900000,11400100000.0,37700000.0,326900000,-72200000.0,,1717300000,-1229100000,7927100000,21617000000,283300000,133300000,927700000.0,10968900000,2242800000,761500000,2718600000,85900000.0,106500000,23200000.0,,73000000.0,-736900000.0,525900000,2818800000,328400000,8020100000,30800000.0,70500000,-800000,70500000,,,
