date,annualInterestExpense,annualChangesInAccountReceivables,annualCurrentAssets,annualBeginningCashPosition,annualAccumulatedDepreciation,annualSellingGeneralAndAdministration,annualOtherNonCurrentAssets,annualNetIncomeCommonStockholders,annualGrossPPE,annualRepaymentOfDebt,annualTaxProvision,annualEndCashPosition,annualChangeInCashSupplementalAsReported,annualCapitalExpenditure,annualCurrentAccruedExpenses,annualOtherCurrentLiabilities,annualCostOfRevenue,annualOtherCurrentAssets,annualTotalRevenue,annualResearchAndDevelopment,annualCurrentDeferredRevenue,annualCapitalStock,annualStockBasedCompensation,annualFreeCashFlow,annualTotalNonCurrentAssets,annualNetOtherFinancingCharges,annualGrossProfit,annualChangeInWorkingCapital,annualNetIncomeContinuousOperations,annualPurchaseOfBusiness,annualBasicAverageShares,annualTotalLiabilitiesNetMinorityInterest,annualOperatingExpense,annualNonCurrentDeferredTaxesLiabilities,annualPurchaseOfInvestment,annualAccountsReceivable,annualNetIncome,annualPretaxIncome,annualGoodwill,annualDepreciationAndAmortization,annualOtherNonCashItems,annualStockholdersEquity,annualTotalAssets,annualCashFlowFromContinuingFinancingActivities,annualRetainedEarnings,annualBasicEPS,annualInvestingCashFlow,annualTotalNonCurrentLiabilitiesNetMinorityInterest,annualAccountsPayable,annualOperatingCashFlow,annualNetPPE,annualGainsLossesNotAffectingRetainedEarnings,annualOtherIncomeExpense,annualOperatingIncome,annualOtherShortTermInvestments,annualCommonStockIssuance,annualCurrentLiabilities,annualOtherIntangibleAssets,annualChangeInAccountPayable,annualCashAndCashEquivalents,annualDilutedAverageShares,annualEbitda,annualRepurchaseOfCapitalStock,annualOtherNonCurrentLiabilities,annualCashCashEquivalentsAndMarketableSecurities,annualDilutedEPS,annualNetOtherInvestingChanges,annualInventory,annualCashDividendsPaid,annualLongTermDebt,annualNonCurrentDeferredRevenue,annualInvestmentsAndAdvances,annualCurrentDebt,annualIncomeTaxPayable,annualChangeInInventory,annualDeferredIncomeTax,annualSaleOfInvestment
2011-12-31,19000,-1312000,,16568000,,37220000,,-25192000,,,0,23958000,7390000,-6168000,,,12300000,,29733000,5117000,,,839000,-24780000,,0,17433000,3857000,-24878000,,30885803,,42337000,,,,-24878000,-24878000,,1551000,19000,,,32260000,,-0.81565,-6258000,,,-18612000,,,0,-24904000,,,,,-101000,,30885803,-23308000,0,,,-0.81565,-90000,,,,,,,,,,
2012-12-31,73000,1142000,26759000,23958000,-2526000,55732000,813000,-23452000,7397000,0,0,25190000,1232000,-4853000,6037000,0,14926000,0,55879000,8299000,736000,92713000,1395000,-25038000,13118000,0,40953000,-1388000,-23113000,,30885803,13467000,64031000,,,248000,-23113000,-23113000,,2869000,74000,26410000,39877000,26632000,-71786000,-0.759313,-5215000,2502000,2964000,-20185000,4871000,,0,-23078000,,0,10965000,6608000,1328000,25190000,30885803,-20171000,0,611000,25190000,-0.759313,-362000,,,,,,,,,,
2013-12-31,27000,-1587000,11191000,25190000,-4635000,68943000,911000,-28300000,9866000,,0,7012000,-18178000,-7580000,12025000,0,22718000,0,83127000,19472000,1266000,98055000,2426000,-23262000,17461000,0,60409000,4732000,-27953000,,30885803,22629000,88415000,,,1835000,-27953000,-27953000,,4335000,3237000,6023000,28652000,5140000,-99849000,-0.92,-7636000,2418000,5089000,-15682000,5231000,,0,-28006000,,,20211000,8904000,1894000,7012000,30885803,-23591000,-179000,847000,7012000,-0.92,-56000,,,,,,,,,,
2014-12-31,1213000,1485000,89988000,7012000,-6986000,88638000,1466000,-29088000,6755000,-5000000,0,86929000,79917000,-10953000,17138000,0,26858000,0,110239000,22621000,1906000,41000,7527000,-22638000,23051000,0,83381000,3520000,-28999000,,32075107,25028000,111259000,,,350000,-28999000,-28999000,,5572000,695000,88011000,113039000,102584000,-128848000,-0.91,-10982000,1260000,2293000,-11685000,6755000,,0,-27878000,,100302000,23768000,13155000,-2565000,86929000,32075107,-22214000,0,621000,86929000,-0.91,-29000,,,,,,,,,,
2015-12-31,552000,-625000,192907000,86929000,-8490000,117034000,3744000,-26733000,8128000,,,183729000,96800000,-13614000,12039000,0,32047000,0,150194000,27211000,2609000,46000,12499000,-22881000,38134000,-436000,118147000,-3387000,-26733000,,42420356,35252000,144245000,,,975000,-26733000,-26733000,,7220000,1134000,195789000,231041000,122012000,-155581000,-0.63,-15945000,2655000,4544000,-9267000,8128000,,-250000,-26098000,,117112000,32597000,18121000,2251000,183729000,42420356,-18961000,,2655000,183729000,-0.63,-2331000,,,,,,,,,,
2016-12-31,35000,-6885000,184698000,183729000,-4096000,152631000,3007000,-20684000,15596000,0,0,168730000,-14999000,-24376000,17712000,0,40982000,0,205864000,33283000,3137000,47000,15823000,-19166000,59622000,-550000,164882000,321000,-20684000,,46609751,49083000,185914000,,,7860000,-20684000,-20684000,,9750000,2211000,195237000,244320000,4309000,-176265000,-0.44,-24518000,8014000,3729000,5210000,15596000,,0,-21032000,,0,41069000,31867000,-815000,168730000,46609751,-10899000,,8014000,168730000,-0.44,-142000,,,,,,,,,,
2017-12-31,87000,-5634000,248053000,168730000,-7098000,213588000,0,-29423000,49055000,-1517000,-1297000,223370000,54640000,-51139000,19017000,9330000,57376000,0,286752000,45926000,7024000,53000,21930000,-43033000,234009000,-1309000,229376000,-4025000,-29423000,-97102000,49062611,94230000,259514000,10087000,,14174000,-29423000,-30720000,71988000,19624000,867000,387832000,482062000,196752000,-205836000,-0.6,-149374000,36230000,22629000,8106000,49055000,5326000,-866000,-30138000,,189463000,58000000,90761000,3504000,223370000,49062611,-11009000,,70000,223370000,-0.6,-1133000,,,,,,,,,,
2018-12-31,108000,-18497000,521680000,223370000,-14801000,304004000,34918000,-38330000,52299000,0,-4867000,449772000,226402000,-77186000,,9487000,90493000,,411769000,63812000,8345000,58000,31410000,-80306000,285674000,-8351000,321276000,-30697000,-38330000,0,55833492,102345000,367816000,6949000,-25000000,32636000,-38330000,-43197000,61852000,32785000,1712000,705009000,807354000,333037000,-244166000,-0.69,-102461000,33865000,27647000,-3120000,52299000,-8514000,-1722000,-46540000,25000000,330901000,68480000,136605000,4724000,449772000,55833492,-10304000,,23416000,474772000,-0.69,-275000,,,,,,,,,,
2019-12-31,13419000,11949000,260948000,449772000,-24299000,473415000,73413000,-235222000,125343000,0,-19860000,189869000,-259903000,-78344000,,12535000,162160000,,574671000,115473000,48833000,63000,51504000,-130318000,925882000,-6707000,412511000,-1935000,-235222000,-388004000,,475580000,588888000,5133000,-10000000,15890000,-235222000,-255082000,418350000,69843000,-7968000,711250000,1186830000,244518000,-479388000,,-451398000,319626000,65381000,-51974000,101044000,-6804000,-71086000,-176377000,0,0,155954000,333075000,,170593000,,-171820000,,899000,,,-50000,,,246620000,,,,,,,25000000