date,annualRepaymentOfDebt,annualEbitda,annualOtherNonCurrentLiabilities,annualChangeInCashSupplementalAsReported,annualCashCashEquivalentsAndMarketableSecurities,annualOtherCurrentLiabilities,annualDilutedAverageShares,annualBeginningCashPosition,annualDilutedEPS,annualOtherIncomeExpense,annualSellingGeneralAndAdministration,annualTotalNonCurrentAssets,annualBasicAverageShares,annualGrossPPE,annualNetIncomeContinuousOperations,annualChangeInInventory,annualCapitalExpenditure,annualOperatingExpense,annualNonCurrentDeferredTaxesLiabilities,annualCashFlowFromContinuingFinancingActivities,annualInvestingCashFlow,annualChangesInAccountReceivables,annualInterestExpense,annualPurchaseOfInvestment,annualTotalRevenue,annualCapitalStock,annualGrossProfit,annualNetOtherFinancingCharges,annualStockBasedCompensation,annualGoodwill,annualAccumulatedDepreciation,annualInventory,annualDeferredIncomeTax,annualChangeInWorkingCapital,annualRetainedEarnings,annualGainsLossesNotAffectingRetainedEarnings,annualTotalAssets,annualTotalLiabilitiesNetMinorityInterest,annualNetOtherInvestingChanges,annualCashDividendsPaid,annualOtherCurrentAssets,annualEndCashPosition,annualPretaxIncome,annualCostOfRevenue,annualNetIncome,annualLongTermDebt,annualOperatingIncome,annualFreeCashFlow,annualAccountsPayable,annualStockholdersEquity,annualOtherNonCashItems,annualBasicEPS,annualRepurchaseOfCapitalStock,annualCurrentAccruedExpenses,annualTaxProvision,annualDepreciationAndAmortization,annualCashAndCashEquivalents,annualCurrentAssets,annualAccountsReceivable,annualOtherNonCurrentAssets,annualOtherIntangibleAssets,annualCurrentLiabilities,annualOtherShortTermInvestments,annualNetPPE,annualSaleOfInvestment,annualCommonStockIssuance,annualOperatingCashFlow,annualTotalNonCurrentLiabilitiesNetMinorityInterest,annualChangeInAccountPayable,annualNetIncomeCommonStockholders,annualIncomeTaxPayable,annualResearchAndDevelopment,annualCurrentDeferredRevenue,annualPurchaseOfBusiness,annualNonCurrentDeferredRevenue,annualCurrentDebt,annualInvestmentsAndAdvances
2002-12-31,,111031000,2130000,13091000,20261000,24022000,30317000,7170000,1.31,162000,27995000,586741000,30239000,1196429000,39819000,1770000.0,-69054000.0,90380000,127023000,-17613000,-73751000,,620000,,209570000,414000,152055000,-14016000,,,-665711000,3986000,21428000,-6206000,211860000,-10814000,674286000,229406000,-5010000,,2949000,20261000,61379000,57515000,39819000,32000000.0,61675000,35401000,22339000,444880000,,1.32,,21892000,21560000,49356000.0,20261000,87545000,7524000,10187000,45836000.0,68253000,,530718000,,403000.0,104455000,161153000,,39819000,,,,,,,
2003-12-31,,241330000,29966000,18093000,40420000,18776000,42640000,22327000,2.22,-3040000,49327000,682304000,41521000,1370465000,93028000,-2714000.0,,165586000,155293000,-28579000,-159641000,,1285000,,454212000,411000,316228000,0,,,-746161000,6700000,30590000,-10638000,306439000,-9540000,805508000,270768000,-158650000,,6160000,40420000,148169000,137984000,94633000,,150642000,206313000,18394000,534740000,,2.28,-8000.0,48339000,55141000,90688000.0,40420000,123204000,15847000,13033000,44967000.0,85509000,,624304000,,3429000.0,206313000,185259000,,94633000,,,,,,,
2004-12-31,,373881000,36447000,75326000,115746000,39129000,42763000,40420000,3.59,-2482000,227768000,868999000,41466000,1668953000,153592000,-3042000.0,-324000.0,389780000,225285000,7769000,-293101000,,1075000,,674929000,417000,637453000,0,,,-866660000,9742000,66849000,7165000,460031000,-9984000,1105446000,404734000,-293703000,,4821000,115746000,246318000,37476000,153592000,,247673000,360334000,26511000,700712000,,3.7,-1254000.0,77362000,92726000,126208000.0,115746000,236447000,22465000,21739000,44967000.0,143002000,,802293000,,9023000.0,360658000,261732000,,153592000,,,,,,,
2005-12-31,,862602000,117223000,-54099000,61647000,136395000,67000000,115746000,4.9,-142780000,38456000,3751307000,64761000,4095723000,328325000,-27293000.0,-631549000.0,367971000,717790000,-261380000,-497453000,,7921000,,1118622000,835000,967327000,-1516000,,,-1131848000,34784000,112890000,-19873000,788356000,-15781000,4180335000,1584882000,-5773000,,25454000,61647000,516455000,151295000,328325000,352451000.0,599356000,73185000,81947000,2595453000,,5.07,-2130000.0,179076000,188130000,263246000.0,61647000,429028000,66965000,70041000,717391000.0,397418000,,2963875000,,15767000.0,704734000,1187464000,,328325000,,,,,,,
2006-12-31,,903931000,133687000,-56599000,5048000,96184000,84090000,61647000,4.11,35461000,50531000,4412993000,82066000,5170951000,345719000,-11812000.0,-1030791000.0,534207000,921665000,74784000,-1009802000,,5692000,,1267144000,840000,1041744000,0,,691432000.0,-1494317000,39397000,220539000,-39323000,1117402000,31081000,4829750000,1853607000,34074000,-13358000.0,64356000,5048000,544324000,225400000,345719000,443667000.0,507537000,-152372000,56241000,2976143000,15261000.0,4.21,-11016000.0,202163000,198605000,396394000.0,5048000,416757000,306458000,44927000,,354588000,,3676634000,,4158000.0,878419000,1499019000,,345719000,,,,,,,
2007-12-31,,998445000,115554000,118002000,137441000,131513000,84632000,5048000,4.09,15412000,66669000,4798217000,81819000,6050808000,346469000,-32180000.0,-1021456000.0,636126000,1076223000,-1282000,-875396000,,18286000,-16000000.0,1431166000,836000,1172780000,-6113000,,691432000.0,-1988492000,29642000,167507000,9010000,1448763000,7626000,5362794000,2103507000,-16559000,-13429000.0,76470000,123050000,544625000,258386000,346469000,487159000.0,536654000,-26776000,52671000,3259287000,19709000.0,4.23,-42266000.0,240387000,198156000,461791000.0,123050000,564577000,315327000,44469000,,424571000,14391000.0,4062316000,1424000.0,9886000.0,994680000,1678936000,,346469000,,,,,,,
2008-12-31,-105708000.0,-850830000,255122000,-121837000,3715000,0,81478000,123050000,-11.07,-2231091000,54590000,3649989000,81478000,7637718000,-901685000,-155222000.0,-1646532000.0,858917000,499634000,107393000,-1596718000,,32064000,0.0,1970347000,841000,1669666000,-158000,10090000.0,691432000.0,-4709597000,186062000,-594802000,-75731000,526998000,-955000,4164933000,1815568000,39135000,-20040000.0,249210000,1213000,-1430298000,300681000,-901685000,591223000.0,810749000,-279044000,101157000,2349365000,139330000.0,-11.07,0.0,263994000,-528613000,,1213000,514944000,259082000,30436000,,469589000,2502000.0,2928121000,10679000.0,13141000.0,1367488000,1345979000,,-901685000,,,,,,,
2009-12-31,-213001000.0,-199449000,275978000,1331000,3782000,13902000,81815000,1213000,-3.82,-812776000,50978000,3037279000,81815000,8076822000,-311943000,,-567157000.0,441946000,348897000,-229752000,-444094000,,11020000,0.0,1009794000,835000,777261000,0,9254000.0,691432000.0,-5764669000,145153000,-164760000,16696000,178035000,-19000,3444537000,1406431000,0,-20172000.0,13997000,2544000,-488481000,232533000,-311943000,392793000.0,335315000,108020000,30214000,2038106000,23401000.0,-3.82,,235815000,-176538000,,2544000,407258000,227896000,33694000,,388763000,1238000.0,2312153000,3328000.0,3421000.0,675177000,1017668000,,-311943000,,,,,,,
2010-12-31,-44450000.0,1225824000,267062000,111582000,114126000,9587000,83787000,2544000,6.7,2919000,60973000,3796480000,83335000,9125956000,574782000,,-1011633000.0,436177000,619040000,-41292000,-977558000,,549000,,1613683000,852000,1347538000,-101000,12353000.0,691432000.0,-6047019000,81871000,292612000,-57699000,725651000,264000,4358247000,1748415000,0,-25499000.0,49810000,114126000,913731000,266145000,574782000,350000000.0,911361000,118799000,47242000,2609832000,2174000.0,6.74,,320989000,338949000,,114126000,561767000,310968000,26111000,,512313000,5731000.0,3078937000,0.0,28758000.0,1130432000,1236102000,,574782000,,,,,,,
2011-12-31,55000000.0,1243875000,301693000,-111720000,2406000,245000,84153000,114126000,6.15,3686000,64205000,4970682000,83755000,10658951000,529932000,,-1658801000.0,592526000,974932000,25451000,-1429446000,,482000,,1757889000,858000,1430803000,-7379000,18949000.0,691432000.0,-6414528000,85141000,357622000,-22686000,1221263000,-14000,5428577000,2297964000,112011000,-32581000.0,8216000,2406000,841481000,327086000,529932000,405000000.0,838277000,-366526000,79788000,3130613000,807000.0,6.17,,385651000,311549000,,2406000,457895000,359409000,34827000,,616339000,0.0,4244423000,,10411000.0,1292275000,1681625000,,529932000,,,,,,,
2012-12-31,-418595000.0,1097884000,313201000,67132000,69538000,0,85034000,2406000,4.07,3895000,76347000,5835015000,84757000,12056431000,353823000,4209000.0,-1727694000.0,188302000,1121353000,289440000,-1415072000,56435000.0,10399000,,1623938000,866000,759100000,-13821000,21919000.0,620232000.0,-6899057000,81029000,208216000,61174000,1533768000,474000,6305152000,2830416000,1060000,-39577000.0,8119000,69538000,560550000,864838000,353823000,750000000.0,570798000,-534930000,103653000,3474736000,4728000.0,4.08,,392909000,206727000,,69538000,470137000,302974000,57409000,,645862000,,5157374000,,11433000.0,1192764000,2184554000,-2595000.0,353823000,,,,,,,
2013-12-31,0.0,1536972000,163919000,-65007000,4531000,389000,85409000,69538000,6.47,21309000,91745000,6783996000,85288000,13596240000,564689000,,-1624201000.0,72143000,1459841000,141682000,-1531037000,-64780000.0,19409000,,1998051000,872000,967990000,-100000,14279000.0,620232000.0,-7483685000,66772000,329700000,-205055000,2050034000,1189000,7253135000,3230927000,31661000,-46712000.0,8142000,4531000,893700000,1030061000,564689000,924000000.0,895847000,-299853000,116110000,4022208000,751000.0,6.48,,412495000,329011000,,4531000,469139000,367754000,51209000,,683167000,,6112555000,,14494000.0,1324348000,2547760000,-13294000.0,564689000,,,,,,,
2014-12-31,-174000000.0,1654696000,193628000,401331000,405862000,0,85810000,4531000,5.78,32669000,96161000,7793489000,85679000,15372244000,507204000,,-2198861000.0,225070000,1754706000,522433000,-1740467000,-35133000.0,32692000,,2424176000,876000,1035242000,-11616000,15001000.0,620232000.0,-8257502000,89780000,298293000,-17287000,2501574000,1102000,8725293000,4224661000,8413000,-53849000.0,10579000,405862000,805901000,1388934000,507204000,1500000000.0,810172000,-579496000,138051000,4500632000,-3828000.0,5.79,,447384000,298697000,,405862000,931804000,412108000,58515000,,776327000,,7114742000,,11898000.0,1619365000,3448334000,45714000.0,507204000,,,,,,,
2015-12-31,0.0,-2944482000,197216000,373520000,779382000,0,92992000,405862000,-25.92,-3692061000,94247000,4165356000,92992000,16217123000,-2408948000,,-1049636000.0,179867000,352705000,690625000,-1008605000,186699000.0,49858000,,1452619000,948000,144701000,-24633000,19559000.0,620232000.0,-12710968000,54579000,-1388146000,-28852000,33313000,441000,5243286000,2445608000,1178000,-58281000.0,7826000,779382000,-3782384000,1307918000,-2408948000,1485620000.0,-35166000,-358136000,66815000,2797678000,4206000.0,-25.92,,247508000,-1373436000,,779382000,1077930000,225398000,38468000,,410067000,,3506155000,,752100000.0,691500000,2035541000,-276735000.0,-2408948000,,,,,,,
2016-12-31,0.0,-126069000,184444000,-126506000,652876000,49370000,93379000,779382000,-4.62,-764184000,98424000,3712389000,93379000,16909237000,-431049000,,-721786000.0,161125000,126894000,-33321000,-692410000,-49340000.0,58431000,,1257345000,951000,329069000,-101000,24523000.0,620232000.0,-13849701000,33342000,-226100000,-26046000,-405284000,945000,4681693000,2321629000,7889000,-38024000.0,8489000,652876000,-658264000,928276000,-431049000,1487939000.0,167944000,-122561000,74486000,2360064000,1805000.0,-4.62,,278781000,-227215000,,652876000,969304000,274597000,32621000,,522352000,,3059536000,,0.0,599225000,1799277000,-1453000.0,-431049000,,,,,,,
2017-12-31,-750000000.0,1195524000,201981000,-252342000,400534000,42066000,93509000,652876000,5.19,4365000,106252000,4107004000,93466000,18491399000,494329000,,-1278478000.0,197430000,101618000,-83009000,-1265897000,-186157000.0,51873000,,1918249000,954000,926934000,-50981000,26256000.0,620232000.0,-15038947000,49722000,190479000,-87176000,-199259000,2199000,5042639000,2474361000,901000,-30532000.0,10054000,400534000,681996000,991315000,494329000,1486920000.0,729504000,-181914000,98386000,2568278000,5677000.0,5.19,,351849000,187667000,,400534000,935635000,460174000,32234000,,679574000,,3452452000,,0.0,1096564000,1794787000,115021000.0,494329000,,,,,,,
2018-12-31,0.0,1667491000,198297000,400132000,800666000,27627000,93820000,400534000,8.32,108867000,103745000,4637945000,93793000,19585399000,791851000,,-1670042000.0,244414000,334473000,-65244000,-1085618000,5421000.0,47369000,,2339017000,958000,1205423000,-12242000,22895000.0,620232000.0,-15612383000,55553000,233280000,15636000,542885000,755000,6062084000,2732298000,3772000,-55243000.0,11781000,800666000,1022507000,1133594000,791851000,1488554000.0,961009000,-119048000,106814000,3329786000,105000.0,8.32,,379455000,230656000,,800666000,1424139000,454200000,35451000,,708707000,,3973016000,,,1550994000,2023591000,13951000.0,791851000,,,,,,,
